# A nu0 w tau a0 a1 a2 a3 a4 logL logPrior
5.159236955182164852e-01 7.814150135195812652e+01 1.835429910016607380e+01 7.269913994658502965e+00 -1.051667948646650621e+04 -5.867544576086952475e+03 -1.888462078856081689e+03 1.542807788178348289e+02 1.211310802396264080e+04 1.527680956455931494e+02 -4.534120504098585513e+01
5.151121600992208949e-01 7.813448615820372822e+01 1.862000050743169410e+01 7.865894469065784378e+00 -1.040492792607712545e+04 -5.814692377544884039e+03 -1.872223964148340428e+03 1.530512536223116911e+02 1.200259556997105392e+04 1.558544761739225351e+02 -4.534120504098585513e+01
5.299036533998348064e-01 7.836531249214986872e+01 1.860893529575578853e+01 7.582462248510497105e+00 -1.008147132873413466e+04 -5.661185931233002520e+03 -1.825706242665291938e+03 1.497166474014079824e+02 1.168249000018224251e+04 1.569510449071688640e+02 -4.534120504098585513e+01
5.918055233535225446e-01 7.828212509090296578e+01 1.901007017283326661e+01 6.210826779738797043e+00 -9.863012298853562243e+03 -5.554834487421616359e+03 -1.796826555161197120e+03 1.484972474458245415e+02 1.146530247723876710e+04 1.580571585533599830e+02 -4.534120504098585513e+01
5.630609562255036726e-01 7.846888326933442670e+01 1.871043828190656555e+01 6.218750827248379132e+00 -1.002345453285335498e+04 -5.632573311990609909e+03 -1.818247659979502259e+03 1.495221778600059395e+02 1.162468755804938519e+04 1.581631699417654318e+02 -4.534120504098585513e+01
5.244592431034489355e-01 7.828039773653846112e+01 1.868863535345213478e+01 7.087821744954733383e+00 -1.029965930336979363e+04 -5.763483370185352214e+03 -1.858253040412020255e+03 1.524581125882604340e+02 1.189792950089755868e+04 1.581687594278421045e+02 -4.534120504098585513e+01
5.347531707938316670e-01 7.832533666672895833e+01 1.863977708712184622e+01 5.963098564133693991e+00 -1.028658234228441506e+04 -5.758473765974090384e+03 -1.855365301780266464e+03 1.518611773858863501e+02 1.188544946607146812e+04 1.583358285452747793e+02 -4.534120504098585513e+01
5.567773055993109343e-01 7.827249693207753012e+01 1.849593307912593687e+01 5.720294780294095993e+00 -1.039644532061994687e+04 -5.808669748414315109e+03 -1.873035588109439232e+03 1.537444060573828892e+02 1.199345018781656290e+04 1.585062667176733839e+02 -4.534120504098585513e+01
5.251254012883946887e-01 7.829525230591752916e+01 1.843677040078572560e+01 6.618834655849974880e+00 -1.048253386951182074e+04 -5.850415751492443633e+03 -1.884342075433871969e+03 1.542755637200361605e+02 1.207897879707172615e+04 1.588142709040991747e+02 -4.534120504098585513e+01
5.826348067995893443e-01 7.830862801708971688e+01 1.881221955346227048e+01 5.681204880298134086e+00 -9.880761683259524943e+03 -5.564877642555481543e+03 -1.797829689036378340e+03 1.480466616335254741e+02 1.148348760757382843e+04 1.588241608172963879e+02 -4.534120504098585513e+01
5.043092580044031825e-01 7.831316207822546005e+01 1.837605886455840221e+01 8.324793739498185019e+00 -1.038368784085890547e+04 -5.804803456637559975e+03 -1.868957011798460371e+03 1.527658534459631312e+02 1.198162608104538594e+04 1.590276878371784335e+02 -4.534120504098585513e+01
5.570382281813128778e-01 7.827588021028627452e+01 1.867152571944858508e+01 6.244285098623317154e+00 -9.926953635503441546e+03 -5.587047519591425043e+03 -1.804244677225578698e+03 1.484375468725987730e+02 1.152927300620542155e+04 1.592229707754152912e+02 -4.534120504098585513e+01
5.253470904922331597e-01 7.820923262458977376e+01 1.884956311802806894e+01 7.903444444428631144e+00 -1.040341152748067907e+04 -5.812352650028693461e+03 -1.873645878883480009e+03 1.536738168406940019e+02 1.200047261972190427e+04 1.592483645652190773e+02 -4.534120504098585513e+01
5.645884713423547918e-01 7.835874729196002875e+01 1.878536606630617811e+01 6.061272129067017289e+00 -1.020927367413843967e+04 -5.720356433805754023e+03 -1.845452326732000529e+03 1.515964325010848484e+02 1.180843399075549496e+04 1.592771803933771082e+02 -4.534120504098585513e+01
5.517388294474110388e-01 7.836070616061530814e+01 1.863956898200771661e+01 6.941397890074028965e+00 -1.002954138791331206e+04 -5.635773954342635079e+03 -1.818981106279879441e+03 1.494842507460812726e+02 1.163080063502436678e+04 1.596370462672733481e+02 -4.534120504098585513e+01
5.762907249212592120e-01 7.828897608113322804e+01 1.866899962193245344e+01 5.917435094940866058e+00 -9.867210270650364691e+03 -5.558281435840491213e+03 -1.796037332500819502e+03 1.479764780057476798e+02 1.147000141891516432e+04 1.602226439833448239e+02 -4.534120504098585513e+01
5.614959429073360653e-01 7.838971120950631644e+01 1.882294744893934535e+01 6.518501271881585346e+00 -9.887733271187977152e+03 -5.567995002030986143e+03 -1.798988575921620622e+03 1.482000074094966351e+02 1.149029584799826262e+04 1.602235112671065735e+02 -4.534120504098585513e+01
5.887950556294800908e-01 7.834606530618036402e+01 1.878374931926141755e+01 5.304514874476927488e+00 -9.824517760991962859e+03 -5.537404223893696326e+03 -1.790473847958084207e+03 1.477738471480613782e+02 1.142752436842271163e+04 1.603685302551861582e+02 -4.534120504098585513e+01
5.278902068975784845e-01 7.823301541596339348e+01 1.884806971344605131e+01 7.081496452819387777e+00 -1.058137037990601857e+04 -5.896921708070291061e+03 -1.899098384193883021e+03 1.554563584018693803e+02 1.217664737984619205e+04 1.603699943297255288e+02 -4.534120504098585513e+01
5.548553577317870689e-01 7.832593529141489341e+01 1.881611530974301871e+01 6.770953541753458538e+00 -1.006409291652191678e+04 -5.651621623235029801e+03 -1.824386231214127974e+03 1.500391708680151339e+02 1.166480730099662105e+04 1.606883751879731790e+02 -4.534120504098585513e+01
5.707137802596783382e-01 7.822483185944800255e+01 1.906059645454738316e+01 5.660620525952497317e+00 -1.021793994861689134e+04 -5.723550432075671779e+03 -1.847717078996170130e+03 1.520558654075538811e+02 1.181665396425237668e+04 1.607011404267589967e+02 -4.534120504098585513e+01
5.292349040484402023e-01 7.829153846810550021e+01 1.863027900775923840e+01 7.364109363710595879e+00 -1.053112263025604989e+04 -5.872895429739404790e+03 -1.892114482586296162e+03 1.550206063203873725e+02 1.212683096222722816e+04 1.607665615353444366e+02 -4.534120504098585513e+01
5.582403931471068281e-01 7.833560763111236724e+01 1.878698896340629432e+01 6.550177702957650894e+00 -1.023771353670694225e+04 -5.733873592923777323e+03 -1.849647723875324118e+03 1.518971721612520582e+02 1.183657001619886614e+04 1.607735846386696892e+02 -4.534120504098585513e+01
5.461695583425441036e-01 7.825742409845049963e+01 1.863226606024226939e+01 6.494556695095959675e+00 -1.042861998073895484e+04 -5.823436662848836022e+03 -1.878046248330872231e+03 1.542715793516305212e+02 1.202508989025189476e+04 1.608871011579248886e+02 -4.534120504098585513e+01
5.393138175579829108e-01 7.833700938387188728e+01 1.869895166460966607e+01 7.123003255218575802e+00 -1.016387322450917418e+04 -5.699958656496797630e+03 -1.837906901056391234e+03 1.507000447347495538e+02 1.176390643147416631e+04 1.609006148402472434e+02 -4.534120504098585513e+01
5.014442596530235274e-01 7.822064162074204319e+01 1.853970991785102740e+01 8.183275608297918779e+00 -1.041917709636113614e+04 -5.821645780631343769e+03 -1.874141478035063756e+03 1.531356550606187170e+02 1.201674769198029935e+04 1.609100152413631690e+02 -4.534120504098585513e+01
5.311611769001834960e-01 7.828152860626815368e+01 1.873547995225657914e+01 6.323681377953643157e+00 -1.020086736575151008e+04 -5.717530441780966612e+03 -1.843171103717365440e+03 1.510713259914851960e+02 1.180053014954107675e+04 1.609938927218285016e+02 -4.534120504098585513e+01
5.373534987918929806e-01 7.831711952319969328e+01 1.858647227121590362e+01 7.968471983336573139e+00 -1.025663182202559983e+04 -5.743582427148039642e+03 -1.851609748017986249e+03 1.518082031914647416e+02 1.185556004107831723e+04 1.611056436471378390e+02 -4.534120504098585513e+01
5.096503027867383961e-01 7.814093422373893816e+01 1.845851403617999154e+01 8.455991260586534608e+00 -1.053381847575125721e+04 -5.875670272926266989e+03 -1.891079269495798371e+03 1.544675733515770730e+02 1.213006399446780597e+04 1.611242875363331848e+02 -4.534120504098585513e+01
5.702006980821755500e-01 7.829137541712802317e+01 1.884328681736009514e+01 5.444568642737468878e+00 -1.007124876235885313e+04 -5.654151567709570372e+03 -1.826289184571729265e+03 1.504535506968477421e+02 1.167156146448951586e+04 1.611268289196686112e+02 -4.534120504098585513e+01
5.132451508886024527e-01 7.824461790077333490e+01 1.827446193832899723e+01 6.829566408645020736e+00 -1.048560924952864843e+04 -5.852947000907158326e+03 -1.883874911580066737e+03 1.539009934851456762e+02 1.208241600966292572e+04 1.611380196134133485e+02 -4.534120504098585513e+01
5.437511214085073430e-01 7.822250219938305804e+01 1.857057634051968975e+01 5.942187718260995233e+00 -1.035157689095757087e+04 -5.788892279544103985e+03 -1.865097263490138403e+03 1.526908158011400758e+02 1.194962137774900475e+04 1.611937831951812541e+02 -4.534120504098585513e+01
5.346219599334012251e-01 7.822242560475307016e+01 1.859449323648135177e+01 6.654019026621810440e+00 -1.041140059709339221e+04 -5.816341997476124561e+03 -1.874456684281887192e+03 1.536655815763974147e+02 1.200846637922153604e+04 1.612428780166908666e+02 -4.534120504098585513e+01
5.219383297543969125e-01 7.828214599703004239e+01 1.868049856208332571e+01 7.314600090164560697e+00 -1.037923751422829446e+04 -5.802486782120277894e+03 -1.868663124587086486e+03 1.527999507130832626e+02 1.197716059009284800e+04 1.613357727875631156e+02 -4.534120504098585513e+01
5.147846645017204459e-01 7.815343686118617939e+01 1.834163212101041296e+01 6.963304355178535410e+00 -1.052510223721784314e+04 -5.871499163052121730e+03 -1.889806050462882467e+03 1.543850729174715468e+02 1.212143130737578758e+04 1.613470922303671955e+02 -4.534120504098585513e+01
5.599847066016349073e-01 7.822348576920842333e+01 1.866357252753052265e+01 5.588522064622389429e+00 -1.021094217581280827e+04 -5.721611032493520725e+03 -1.845356970797395434e+03 1.514490539586968509e+02 1.181024055077495541e+04 1.614804291770267639e+02 -4.534120504098585513e+01
5.426386419835346198e-01 7.832452992175464601e+01 1.854205095972677242e+01 7.135744799297175867e+00 -1.013163651321323050e+04 -5.683978295125522891e+03 -1.833970127273184289e+03 1.506393744561196115e+02 1.173173935612665991e+04 1.614912578977707653e+02 -4.534120504098585513e+01
5.502574428608604240e-01 7.813337222740864263e+01 1.861844546158753033e+01 5.839652849484499697e+00 -1.033126523397705023e+04 -5.778618040648966598e+03 -1.862802095517421094e+03 1.527309896221030669e+02 1.192927644375327509e+04 1.615271036982698547e+02 -4.534120504098585513e+01
5.527455820285210875e-01 7.826001441031868922e+01 1.868392426660064132e+01 6.065376162830765416e+00 -1.012869844722464404e+04 -5.681932550833833375e+03 -1.834097885019272098e+03 1.508565237798886471e+02 1.172859343556990643e+04 1.615593287847581507e+02 -4.534120504098585513e+01
5.366263111704174804e-01 7.819026248963810133e+01 1.857301932373823306e+01 6.807623484090696842e+00 -1.045317958294410346e+04 -5.836576868864510288e+03 -1.880255066598924486e+03 1.539526879428767927e+02 1.204995529144445572e+04 1.615651270943866109e+02 -4.534120504098585513e+01
5.683429099417590669e-01 7.833312586747125295e+01 1.883339827530672395e+01 6.070424630715432812e+00 -9.982191458752786275e+03 -5.612476021529058016e+03 -1.813003789129348888e+03 1.493187325785223152e+02 1.158363580798947260e+04 1.615957630597896184e+02 -4.534120504098585513e+01
5.557350181122269195e-01 7.830629430564961524e+01 1.889693534975002365e+01 5.922638182616047686e+00 -1.010816083425830584e+04 -5.672297182610232085e+03 -1.831055678033685808e+03 1.505995346269398851e+02 1.170831693353726587e+04 1.616277230079381297e+02 -4.534120504098585513e+01
5.196232116869804463e-01 7.824311800927580407e+01 1.843380282779743240e+01 6.689734837009041257e+00 -1.034829189719176247e+04 -5.788384032556901730e+03 -1.863558989670131041e+03 1.522496641792349408e+02 1.194675639978673462e+04 1.617078089255567761e+02 -4.534120504098585513e+01
5.178648038065531978e-01 7.820177699790775705e+01 1.862099110732922114e+01 8.386589583054830044e+00 -1.050634826576250271e+04 -5.861748640909735514e+03 -1.888018837375094563e+03 1.545332936547236784e+02 1.210253956007712623e+04 1.617136654485554175e+02 -4.534120504098585513e+01
5.399538265567280781e-01 7.814312154286750456e+01 1.867551000626285784e+01 6.370767452632735584e+00 -1.044064496936766955e+04 -5.830712836709961266e+03 -1.878380629238109123e+03 1.537891288453098468e+02 1.203759125388032953e+04 1.617596069848082152e+02 -4.534120504098585513e+01
5.139944263253246604e-01 7.827658010380146436e+01 1.850257234205263046e+01 7.540619281656788075e+00 -1.054179342772520067e+04 -5.878611222323553193e+03 -1.893023304322866579e+03 1.548810326185098631e+02 1.213763087718354473e+04 1.617717047904743026e+02 -4.534120504098585513e+01
5.675278342205982707e-01 7.823335002791668558e+01 1.869793865176887948e+01 5.835361369698210510e+00 -1.032287536162016841e+04 -5.773315903750641155e+03 -1.862870431959960797e+03 1.531592074940012367e+02 1.192047366715176031e+04 1.617762463486280069e+02 -4.534120504098585513e+01
5.631873294418162645e-01 7.825948249784707400e+01 1.879250035531235952e+01 6.837276309537801744e+00 -1.003470776492902951e+04 -5.637087671247525577e+03 -1.820848475041859274e+03 1.499813826172687357e+02 1.163548879910272626e+04 1.618328065098953914e+02 -4.534120504098585513e+01
5.341417101869028183e-01 7.834718382290746774e+01 1.838512443204401947e+01 6.758111574596384230e+00 -1.031366177793777933e+04 -5.770809988759830048e+03 -1.859625226902482609e+03 1.523345532994612768e+02 1.191205181777337748e+04 1.618891040690539285e+02 -4.534120504098585513e+01
5.293814580084585941e-01 7.824585810423475607e+01 1.845645429419245076e+01 7.462593319059585895e+00 -1.025859320197436500e+04 -5.744598493243434859e+03 -1.851794635846050369e+03 1.518010098633194787e+02 1.185751711279729534e+04 1.618965630460189971e+02 -4.534120504098585513e+01
5.448243299432992126e-01 7.819723870611650796e+01 1.867092235221995722e+01 6.738305862163501914e+00 -1.057963015970646848e+04 -5.895048539115919084e+03 -1.899853397123179093e+03 1.558454567129738280e+02 1.217452728796107476e+04 1.619194130271183383e+02 -4.534120504098585513e+01
5.167005296125791736e-01 7.832751554670194594e+01 1.845781745891927983e+01 7.741677972094163529e+00 -1.025709683048888473e+04 -5.744660369761553738e+03 -1.850814956274070937e+03 1.514799455155666124e+02 1.185633540710990746e+04 1.619274059388905869e+02 -4.534120504098585513e+01
5.542541406359063894e-01 7.819170630370057040e+01 1.863233472321570261e+01 5.991377863208446009e+00 -1.046206970436570191e+04 -5.839350854928045919e+03 -1.882851177987819483e+03 1.545968086417740892e+02 1.205822450496074271e+04 1.619437530133268694e+02 -4.534120504098585513e+01
5.345082102603395668e-01 7.827231060395622819e+01 1.837318494698525484e+01 6.196981932731665310e+00 -1.035157012131579904e+04 -5.788608618972664772e+03 -1.865339950606217599e+03 1.528076923485793372e+02 1.194948704293113042e+04 1.620008233625505056e+02 -4.534120504098585513e+01
5.568208334504860524e-01 7.823654211512102563e+01 1.862561027659357293e+01 6.591069232873634220e+00 -1.007772317161632600e+04 -5.658443333103369696e+03 -1.826192147164996413e+03 1.500602198901782742e+02 1.167841401063496050e+04 1.620381318848411922e+02 -4.534120504098585513e+01
5.579436263814718799e-01 7.829824397363880450e+01 1.876371571021932994e+01 5.972614566495825450e+00 -1.014954313292114784e+04 -5.692648924027443172e+03 -1.836369158167065734e+03 1.507500570513821287e+02 1.174954151080116389e+04 1.620551928707313607e+02 -4.534120504098585513e+01
5.180550954220135562e-01 7.821643852348124426e+01 1.834595580678596249e+01 6.243821769856161552e+00 -1.051249728658794629e+04 -5.865236023392795687e+03 -1.888240424416233736e+03 1.543674081675893319e+02 1.210884384990500621e+04 1.620915053963899481e+02 -4.534120504098585513e+01
5.525092944482279389e-01 7.818759537940952953e+01 1.882434210817848808e+01 6.456481252488575073e+00 -1.031741673815372269e+04 -5.770514242515198930e+03 -1.862322690417739068e+03 1.531915025064629390e+02 1.191498092633608576e+04 1.621290130656044539e+02 -4.534120504098585513e+01
5.361173649888263393e-01 7.812965067335218805e+01 1.850060203025784844e+01 6.868529383905489283e+00 -1.048731728898680922e+04 -5.851791905902676262e+03 -1.886127200664798693e+03 1.546897911581008316e+02 1.208336437713114537e+04 1.622064637628485002e+02 -4.534120504098585513e+01
5.578311627793369754e-01 7.817948822367418416e+01 1.862227957377924170e+01 6.264050004104101177e+00 -1.033949425288904240e+04 -5.781870938919699256e+03 -1.864597507243189284e+03 1.530683038358601493e+02 1.193717721220745807e+04 1.622137170623529414e+02 -4.534120504098585513e+01
5.545326508681297506e-01 7.825623510634487445e+01 1.883722932331758315e+01 6.474493210792296338e+00 -1.040640903433473977e+04 -5.812858624725735353e+03 -1.874941386477383730e+03 1.540531517639055892e+02 1.200311270813028386e+04 1.622143052300475290e+02 -4.534120504098585513e+01
5.216653289857013931e-01 7.831233644662955840e+01 1.866783654185130814e+01 7.611685650466903041e+00 -1.044688443062917577e+04 -5.833613064424159347e+03 -1.879182797717544190e+03 1.538672852022353652e+02 1.204374410694317521e+04 1.622348013428180877e+02 -4.534120504098585513e+01
5.328202350573283397e-01 7.830053927021411653e+01 1.867562779014955865e+01 7.624890754625433864e+00 -1.011989229024382621e+04 -5.679607517730533800e+03 -1.831075285245918394e+03 1.500446820746871595e+02 1.172057850128645623e+04 1.622773316631206342e+02 -4.534120504098585513e+01
5.067101814317455100e-01 7.820980994053581981e+01 1.843208733941894195e+01 6.902471111401662363e+00 -1.055549033213537223e+04 -5.886193560100396098e+03 -1.893971657039864112e+03 1.546012202868074326e+02 1.215159607795190277e+04 1.623041527352126536e+02 -4.534120504098585513e+01
5.576857349481563197e-01 7.817150258482381275e+01 1.863545890319539922e+01 6.215180804242645962e+00 -1.026742139783805214e+04 -5.747872360908154405e+03 -1.853997274077644079e+03 1.522452661080018856e+02 1.186592426018439437e+04 1.623047042377986315e+02 -4.534120504098585513e+01
5.351027039866710355e-01 7.822183454566220462e+01 1.867534924385825335e+01 7.242383153711810628e+00 -1.025631590240871992e+04 -5.743679230397775427e+03 -1.851348288808395864e+03 1.517097088328371797e+02 1.185533788615249432e+04 1.623210580457168817e+02 -4.534120504098585513e+01
5.572001954552450176e-01 7.832373147863441432e+01 1.896465243013946278e+01 6.191115276228193132e+00 -1.007690369216343061e+04 -5.657574185577639582e+03 -1.826412549518921423e+03 1.502265276214430969e+02 1.167743620948981334e+04 1.624079721007890384e+02 -4.534120504098585513e+01
5.735905804892432736e-01 7.829543876738647157e+01 1.887161479200885950e+01 5.456459300503562204e+00 -1.003616528856363402e+04 -5.638278002179362375e+03 -1.820527960245095073e+03 1.497911831463672172e+02 1.163713821960771202e+04 1.624348375758154930e+02 -4.534120504098585513e+01
5.282349630663105700e-01 7.816788644302646105e+01 1.859620867552970580e+01 7.947377800243580204e+00 -1.036413677525413550e+04 -5.794313677484487016e+03 -1.867383505566737085e+03 1.530324759166417721e+02 1.196183591956047349e+04 1.624930948756291684e+02 -4.534120504098585513e+01
5.216636805180936420e-01 7.831578569680206670e+01 1.855149518082107107e+01 7.722959598986850693e+00 -1.025476438369280731e+04 -5.743603606968952590e+03 -1.850396284245559400e+03 1.514314428394594927e+02 1.185405345753852271e+04 1.625008211126090032e+02 -4.534120504098585513e+01
5.314997573607977976e-01 7.818860922574566530e+01 1.867362715169011622e+01 6.853107415588593376e+00 -1.039721566649151100e+04 -5.810251328551971710e+03 -1.871950890191697226e+03 1.532779647537359722e+02 1.199467259970545274e+04 1.625019935099727206e+02 -4.534120504098585513e+01
5.624934336093946330e-01 7.822731153847533392e+01 1.893851744683495752e+01 6.446201961391263779e+00 -1.010773317705829504e+04 -5.671433320176423877e+03 -1.831622250896086825e+03 1.508500505076957268e+02 1.170764727020008286e+04 1.625139286933228391e+02 -4.534120504098585513e+01
5.573801980664709887e-01 7.824601388161410398e+01 1.856598192509167689e+01 6.247299688281173324e+00 -1.025221311441403122e+04 -5.740554372917253204e+03 -1.851855430545307854e+03 1.521241043490904019e+02 1.185083470123819461e+04 1.625261763117046314e+02 -4.534120504098585513e+01
5.562986681300641223e-01 7.834853118787673054e+01 1.860109678062539729e+01 5.711152835739278011e+00 -1.001274740634329464e+04 -5.627893021810586106e+03 -1.816391776778832309e+03 1.492655964389385588e+02 1.161422969228821967e+04 1.625488496192019454e+02 -4.534120504098585513e+01
5.271590708202403830e-01 7.822448799164568811e+01 1.835053249110986329e+01 6.797208785836793332e+00 -1.050350848151368518e+04 -5.860284424296691213e+03 -1.887584941835571044e+03 1.545379377536155516e+02 1.209969108438231888e+04 1.625969879893987695e+02 -4.534120504098585513e+01
5.415932999653622071e-01 7.837530674647469198e+01 1.858250602352808301e+01 6.578014653153090308e+00 -1.014251775079613799e+04 -5.689963502912693002e+03 -1.834624686390654460e+03 1.504144538314765498e+02 1.174284056006418905e+04 1.626322412967323601e+02 -4.534120504098585513e+01
5.326856037682419220e-01 7.827700600937626518e+01 1.850979726007112092e+01 7.201089990808330121e+00 -1.015253043575165611e+04 -5.694727745894542750e+03 -1.836193428520206226e+03 1.505327108696612299e+02 1.175272840512753464e+04 1.626520931919875466e+02 -4.534120504098585513e+01
5.646678269585926335e-01 7.824881299116059097e+01 1.877026092351933073e+01 6.404455728795685587e+00 -1.018913663600365180e+04 -5.710075357034048466e+03 -1.843346193199745585e+03 1.516832642890023521e+02 1.178821391764774671e+04 1.626530227563007145e+02 -4.534120504098585513e+01
5.208591595662994678e-01 7.823242872027445571e+01 1.878877306653698298e+01 7.313118648893049745e+00 -1.037803302215345866e+04 -5.801452741514111040e+03 -1.868876716048683193e+03 1.529648227847118278e+02 1.197579269726627717e+04 1.627189262591056718e+02 -4.534120504098585513e+01
5.281304020997138471e-01 7.815610837999788885e+01 1.861020512009692851e+01 7.063133521380033031e+00 -1.041932344409706639e+04 -5.820926144257588930e+03 -1.874902106929890351e+03 1.534351004599356258e+02 1.201661535098547574e+04 1.627221459325233184e+02 -4.534120504098585513e+01
5.359988344977536512e-01 7.827958042388279125e+01 1.848244953868768548e+01 6.444405654000274097e+00 -1.046094170294605829e+04 -5.839630691576985555e+03 -1.881912739619460581e+03 1.542775533758075710e+02 1.205739380881930629e+04 1.627286461474119506e+02 -4.534120504098585513e+01
5.589394942040393222e-01 7.827425931753739974e+01 1.864789455524112327e+01 5.421034810038706020e+00 -1.015966660245320600e+04 -5.697308383955569298e+03 -1.837948604736185189e+03 1.509081312662610230e+02 1.175950895788251910e+04 1.627744165255423923e+02 -4.534120504098585513e+01
5.332271972103934665e-01 7.821302282011255613e+01 1.858816315513540474e+01 7.627020237336793684e+00 -1.035740068982980847e+04 -5.790902587319082159e+03 -1.866604843535096279e+03 1.530442875386592902e+02 1.195509329378507937e+04 1.627785509835653102e+02 -4.534120504098585513e+01
5.279296534937795160e-01 7.823192918412615882e+01 1.846358274913981745e+01 7.297058388269451079e+00 -1.024942708942733952e+04 -5.740610208057439195e+03 -1.850135248599190618e+03 1.515646781613198755e+02 1.184858567984867659e+04 1.627812871968956756e+02 -4.534120504098585513e+01
5.319779753129186828e-01 7.824805357974715037e+01 1.858103435034572115e+01 7.231374354337756216e+00 -1.015276134598746467e+04 -5.694915904669041993e+03 -1.836045924989298328e+03 1.504923830131365889e+02 1.175300046658081374e+04 1.628254148605944920e+02 -4.534120504098585513e+01
5.486023436476948900e-01 7.815048358052099786e+01 1.880382363930514700e+01 6.354116578129145765e+00 -1.039185527419029131e+04 -5.806268671133946555e+03 -1.872518296923444268e+03 1.537830271754034470e+02 1.198881822021410153e+04 1.628387902556472682e+02 -4.534120504098585513e+01
5.181246901537954752e-01 7.828638025343605022e+01 1.851103620065038768e+01 7.317999818582838323e+00 -1.047607771491373569e+04 -5.847361675380652741e+03 -1.883596162286466097e+03 1.542233421081722042e+02 1.207257759341505880e+04 1.628774175825531927e+02 -4.534120504098585513e+01
5.175062461311144002e-01 7.832189425712725495e+01 1.847963502360043364e+01 7.369653138158696493e+00 -1.052081759506717208e+04 -5.869223368045990355e+03 -1.889409792749435383e+03 1.544359053685841161e+02 1.211709694210449743e+04 1.628825904523511099e+02 -4.534120504098585513e+01
5.746947469375057738e-01 7.829248947680075332e+01 1.874587069892531588e+01 5.824033879224364441e+00 -1.017603638840728127e+04 -5.703798164963619456e+03 -1.841484809123615833e+03 1.515671295956061613e+02 1.177523640009451992e+04 1.629162131128836961e+02 -4.534120504098585513e+01
5.648625989803438552e-01 7.829542923244135011e+01 1.870119101284509000e+01 6.422478440977056557e+00 -1.003952813930065531e+04 -5.639886531580219525e+03 -1.821083840227720202e+03 1.498297133538361550e+02 1.164045976889074336e+04 1.629197549006770487e+02 -4.534120504098585513e+01
5.268550931731705855e-01 7.825358927183297908e+01 1.851056900001684369e+01 7.064139009369350575e+00 -1.052771326884308655e+04 -5.871831696697799998e+03 -1.891057725022139493e+03 1.547659235673600904e+02 1.212366914235893637e+04 1.629265503808609878e+02 -4.534120504098585513e+01
5.357264967391145438e-01 7.826063839751171258e+01 1.850809052932485343e+01 6.483671151692893098e+00 -1.043765198301621058e+04 -5.829321211044498341e+03 -1.877920324490222583e+03 1.537512362185587733e+02 1.203462913580832901e+04 1.629409699896065433e+02 -4.534120504098585513e+01
5.375445135339277369e-01 7.817908747879398845e+01 1.867780948249841799e+01 6.822777634571216332e+00 -1.054556971136056745e+04 -5.879963171265561868e+03 -1.893933966330712110e+03 1.550770444921896853e+02 1.214122710980285046e+04 1.629686032133451761e+02 -4.534120504098585513e+01
5.442885465486416718e-01 7.816330781173920172e+01 1.851314022221209044e+01 6.297532449094840779e+00 -1.052329836306349898e+04 -5.868660131395177814e+03 -1.891424274203581490e+03 1.551361006143453665e+02 1.211889942428502036e+04 1.629977682230308460e+02 -4.534120504098585513e+01
5.359893819233285672e-01 7.825451627759620976e+01 1.841307783966225387e+01 6.204488351985765426e+00 -1.037857229264616944e+04 -5.801073177611819119e+03 -1.869569939433133641e+03 1.532230728276630032e+02 1.197607909598618244e+04 1.630012633727487810e+02 -4.534120504098585513e+01
5.232800235121284338e-01 7.826141248797267735e+01 1.867050914220970625e+01 7.611171203023178400e+00 -1.045185995857172384e+04 -5.835796229619672886e+03 -1.880149472536694248e+03 1.539988956338497985e+02 1.204858864247636302e+04 1.630696338911172916e+02 -4.534120504098585513e+01
5.387696487021630398e-01 7.821815219917198192e+01 1.849902086917052912e+01 6.564890235489380110e+00 -1.024956337052125855e+04 -5.740242097336113147e+03 -1.850577359424286669e+03 1.517339472990416027e+02 1.184855998145889498e+04 1.630913461571155381e+02 -4.534120504098585513e+01
5.297739871795241751e-01 7.833472089191361931e+01 1.857082056834614292e+01 6.650308593848715866e+00 -1.034139411774892324e+04 -5.783696870972783472e+03 -1.863957714492892819e+03 1.527335937582458882e+02 1.193938750859131324e+04 1.631106649651096632e+02 -4.534120504098585513e+01
5.638613251708500806e-01 7.831860140727592068e+01 1.897088543477219957e+01 6.355058117479365443e+00 -1.007718486377912996e+04 -5.657605119111229214e+03 -1.826605917999117764e+03 1.502724997810281593e+02 1.167767521333011973e+04 1.631310403112252914e+02 -4.534120504098585513e+01
5.144206531132771154e-01 7.822863548986933324e+01 1.864578201615221076e+01 7.178346908561160866e+00 -1.056602874947251257e+04 -5.890283707041189700e+03 -1.896274075003968164e+03 1.550517373488736155e+02 1.216169796724050320e+04 1.631717270114483824e+02 -4.534120504098585513e+01
5.433775312999036267e-01 7.834751437148810282e+01 1.874694995668529529e+01 6.917366232483272981e+00 -1.011850207229500120e+04 -5.678207716379517478e+03 -1.831618276098229899e+03 1.503195733782173704e+02 1.171892484840228462e+04 1.631891526244843362e+02 -4.534120504098585513e+01
5.443563729343071644e-01 7.824404118982548084e+01 1.868361917148846985e+01 7.514399288781448583e+00 -1.031197241720081911e+04 -5.769026961345916789e+03 -1.860411726307115032e+03 1.527011577143852037e+02 1.191001678643998093e+04 1.632034137413130281e+02 -4.534120504098585513e+01
5.364864308408022753e-01 7.822769934612406928e+01 1.844989258197266935e+01 5.929898869247526960e+00 -1.043312000061398976e+04 -5.826774702511515898e+03 -1.877604755505785988e+03 1.538571526032012287e+02 1.202999190378338608e+04 1.632137048729739206e+02 -4.534120504098585513e+01
5.557598253540816380e-01 7.827100210849729933e+01 1.856921269036347510e+01 6.425418104272870856e+00 -1.032905075956639848e+04 -5.776892586916814253e+03 -1.863103596195588807e+03 1.529692491460910730e+02 1.192683008541204435e+04 1.632156750975601085e+02 -4.534120504098585513e+01
5.286724709944327083e-01 7.812763693861940340e+01 1.866427135782314650e+01 6.665633644986895590e+00 -1.045051286350091141e+04 -5.834970078861667389e+03 -1.880251524311896446e+03 1.540670073868053578e+02 1.204717738913129870e+04 1.632423461806817215e+02 -4.534120504098585513e+01
5.158352821510291397e-01 7.823780159029165304e+01 1.853869592042376979e+01 7.226026897764723955e+00 -1.031647496218501328e+04 -5.772675473865581807e+03 -1.859618830916143452e+03 1.521664918016264778e+02 1.191502628618651215e+04 1.632572056321450873e+02 -4.534120504098585513e+01
5.641525275360962377e-01 7.821285642708186003e+01 1.874603281008912603e+01 5.494645234017407454e+00 -1.029738685691012506e+04 -5.761438218575523933e+03 -1.858907125187837664e+03 1.528020781878894070e+02 1.189534289328143495e+04 1.633167588225060740e+02 -4.534120504098585513e+01
5.588982054504292307e-01 7.834094805214864721e+01 1.860909152421385215e+01 5.824557854367216514e+00 -1.001275752072346222e+04 -5.627859779154481657e+03 -1.816433375593237315e+03 1.492790424199329209e+02 1.161422904327146171e+04 1.633279855090751767e+02 -4.534120504098585513e+01
5.592223792380048852e-01 7.824385029221583920e+01 1.886357226556960143e+01 6.157593218820000658e+00 -1.006847222361320928e+04 -5.653732487440196564e+03 -1.825096081021684540e+03 1.500854514882292676e+02 1.166914156190769609e+04 1.633621659067729581e+02 -4.534120504098585513e+01
5.670385066188965428e-01 7.828436783674064259e+01 1.891959373449337534e+01 6.309354590147628450e+00 -1.013510022431491052e+04 -5.684501259522819055e+03 -1.835539426488904382e+03 1.511022989653475292e+02 1.173476485641427098e+04 1.633830535770404992e+02 -4.534120504098585513e+01
5.556375766624677137e-01 7.830510043715811719e+01 1.871420817254287172e+01 5.789030497231214767e+00 -1.017178239014841347e+04 -5.702674292234856694e+03 -1.840045214734923093e+03 1.511856225396992954e+02 1.177134429313307737e+04 1.633991901581358093e+02 -4.534120504098585513e+01
5.359710588649923002e-01 7.819961416430710699e+01 1.874137630524248976e+01 7.146241426074797509e+00 -1.023583577741519730e+04 -5.733693891988576070e+03 -1.848657503820454394e+03 1.516014148679502966e+02 1.183497326203109697e+04 1.634282273316603664e+02 -4.534120504098585513e+01
5.301102202459389012e-01 7.824141507277420260e+01 1.845546646081471209e+01 7.383753046321133162e+00 -1.029862277228303356e+04 -5.763557369129271137e+03 -1.857636480597908985e+03 1.522269543612207769e+02 1.189712726530684813e+04 1.634455812170894831e+02 -4.534120504098585513e+01
5.288609621563616914e-01 7.821060940684348850e+01 1.841620947824606347e+01 6.893635842058889018e+00 -1.049717457644499518e+04 -5.857171154540586940e+03 -1.886832553728515222e+03 1.545206208788855520e+02 1.209337665428275250e+04 1.634564234015570889e+02 -4.534120504098585513e+01
5.286014710708977216e-01 7.821656721273312485e+01 1.879594370501363798e+01 7.250273694044544470e+00 -1.040334593704315921e+04 -5.812526678980801989e+03 -1.873432668222307939e+03 1.535917316388816118e+02 1.200048832390313692e+04 1.635340466119769758e+02 -4.534120504098585513e+01
5.138952624598353003e-01 7.825756628504129253e+01 1.846519684837045361e+01 8.363533165949139203e+00 -1.042341105814655566e+04 -5.823189747693004392e+03 -1.875182988227406213e+03 1.533575408067136721e+02 1.202076817797128751e+04 1.635415997797010448e+02 -4.534120504098585513e+01
5.381294308616253463e-01 7.833070397177486655e+01 1.863607013083549901e+01 6.244035278287745960e+00 -1.027836981346540233e+04 -5.754015944049578138e+03 -1.854674503153518344e+03 1.519909990878310282e+02 1.187711445991424807e+04 1.635529079647222090e+02 -4.534120504098585513e+01
5.205698602846093870e-01 7.823778410431381758e+01 1.862192211201382719e+01 7.586533350299114353e+00 -1.042337640445509714e+04 -5.823257302122597139e+03 -1.875128914450740467e+03 1.533188686810243553e+02 1.202078018926201366e+04 1.635646203499377975e+02 -4.534120504098585513e+01
5.243998326830704437e-01 7.820939008256988245e+01 1.867559887531406204e+01 6.852777975993232573e+00 -1.048851981257717489e+04 -5.852931416603270918e+03 -1.885722634545121764e+03 1.544828139422303934e+02 1.208476257155029816e+04 1.636119354020043488e+02 -4.534120504098585513e+01
5.494383247719506480e-01 7.824033290080507186e+01 1.857136293708777330e+01 6.242919944374051511e+00 -1.018658090268760861e+04 -5.710036851776221738e+03 -1.841838883239799088e+03 1.512044618625610894e+02 1.178611750243140341e+04 1.637007820394242117e+02 -4.534120504098585513e+01
5.301884305907262895e-01 7.825705637655082114e+01 1.875430729778749139e+01 7.117706336276452994e+00 -1.024739914074294938e+04 -5.739528849907478616e+03 -1.850022721160986521e+03 1.515905991056869766e+02 1.184653959531612054e+04 1.637493714025024190e+02 -4.534120504098585513e+01
5.263260822331097266e-01 7.831233296874209771e+01 1.850546006087532902e+01 6.580490094384210842e+00 -1.039045122134504345e+04 -5.807203920590655798e+03 -1.870827749671338097e+03 1.531518921140253440e+02 1.198802514594197601e+04 1.637666790686633931e+02 -4.534120504098585513e+01
5.668174800964409510e-01 7.829194744876225798e+01 1.888888473452444572e+01 5.873010459161241315e+00 -1.005509593283132017e+04 -5.647383273092385025e+03 -1.823194538034591915e+03 1.499443958795492904e+02 1.165591296113697899e+04 1.638426922417244214e+02 -4.534120504098585513e+01
5.178187864149730313e-01 7.825165469849322619e+01 1.851130348077333210e+01 7.317370029609003623e+00 -1.047607562462290116e+04 -5.847366765050453978e+03 -1.883600315142939962e+03 1.542220945785236950e+02 1.207257666919453732e+04 1.638523786096176877e+02 -4.534120504098585513e+01
5.417583672544017404e-01 7.828787318574315179e+01 1.869493571299507551e+01 6.936221931188216061e+00 -1.035161124978840780e+04 -5.787941819006754486e+03 -1.865977469647363705e+03 1.530688079908711643e+02 1.194928266089251156e+04 1.638751373830134810e+02 -4.534120504098585513e+01
5.400822987844974277e-01 7.824482555550601148e+01 1.858579756829070107e+01 6.339479084305658318e+00 -1.049624179910496605e+04 -5.856139955481287870e+03 -1.887225155891650502e+03 1.547319785357811952e+02 1.209224387772452064e+04 1.638806953841842073e+02 -4.534120504098585513e+01
5.354256527381897612e-01 7.830036603166011844e+01 1.868621028160601938e+01 7.014153225968069449e+00 -1.030605753265645217e+04 -5.766786737453778187e+03 -1.858994360057901304e+03 1.524201370503593864e+02 1.190436960406277103e+04 1.638857321634563107e+02 -4.534120504098585513e+01
5.485745962882943028e-01 7.816367641947708478e+01 1.883904256523290499e+01 6.725256221274670487e+00 -1.030083838857952287e+04 -5.763701589045975197e+03 -1.858828254503511516e+03 1.525980705583596375e+02 1.189898851759724857e+04 1.638997539725590968e+02 -4.534120504098585513e+01
5.346415313432462124e-01 7.831903654152444005e+01 1.860035477187849295e+01 6.842758847857908222e+00 -1.025163467681184375e+04 -5.741463844622045144e+03 -1.850589811489941212e+03 1.516506405076760871e+02 1.185071748241101704e+04 1.639093626654341733e+02 -4.534120504098585513e+01
5.374501106619568036e-01 7.831117844713595844e+01 1.863809026704261029e+01 7.316963359777435727e+00 -1.017125016212189621e+04 -5.703281643965280637e+03 -1.839178397145826693e+03 1.508505097738984944e+02 1.177113502656271703e+04 1.639247957842779329e+02 -4.534120504098585513e+01
5.346315181529361915e-01 7.823091160381950715e+01 1.853743589968811989e+01 7.593794651338332535e+00 -1.027301697479474933e+04 -5.751457487779348412e+03 -1.853945748100938090e+03 1.519462410155551879e+02 1.187180445254592269e+04 1.639707402077497136e+02 -4.534120504098585513e+01
5.490771622233097116e-01 7.827367749674682784e+01 1.851569923545155305e+01 6.275682338165206708e+00 -1.026967725908362081e+04 -5.749313982350805418e+03 -1.853969906086417950e+03 1.521269605174767321e+02 1.186829148116744727e+04 1.639916177085489153e+02 -4.534120504098585513e+01
5.471530375913465916e-01 7.830263153824162714e+01 1.870683621909222083e+01 6.630240074919287352e+00 -1.013381195171256331e+04 -5.685067161814184146e+03 -1.834229656647450611e+03 1.506390097877948335e+02 1.173391653297870471e+04 1.640338524531170208e+02 -4.534120504098585513e+01
5.276921372232523666e-01 7.823052652371211479e+01 1.851310839181846646e+01 7.162158736002519177e+00 -1.042622173431720330e+04 -5.824077312552889452e+03 -1.876088728061132315e+03 1.535589024862157999e+02 1.202338921235475209e+04 1.640413714493713542e+02 -4.534120504098585513e+01
5.551820367079876029e-01 7.829812883406717106e+01 1.892793877373899036e+01 6.509452265241503000e+00 -1.019712866769737957e+04 -5.714475815027379213e+03 -1.843924465326321069e+03 1.515312676674012948e+02 1.179635329754877966e+04 1.640764414638529729e+02 -4.534120504098585513e+01
5.217981367495525546e-01 7.830770378191510872e+01 1.861347890490067769e+01 7.396605132418484274e+00 -1.031419125078347315e+04 -5.771430626711411605e+03 -1.859343023428333254e+03 1.521965925825400632e+02 1.191271522486134018e+04 1.640849413492550184e+02 -4.534120504098585513e+01
5.298541681469061126e-01 7.823674938123599532e+01 1.849375260824729850e+01 7.770931224411524951e+00 -1.030254378336332047e+04 -5.765520395553472554e+03 -1.858127884785199285e+03 1.522320056198036013e+02 1.190104033617565074e+04 1.640982380859394141e+02 -4.534120504098585513e+01
5.285107168567635405e-01 7.823549513260051924e+01 1.841619959382570215e+01 6.708179264968284095e+00 -1.054539811496169204e+04 -5.879934243339359455e+03 -1.893813695919928250e+03 1.550546670834048371e+02 1.214106889118215804e+04 1.641253559247367946e+02 -4.534120504098585513e+01
5.312015454671773496e-01 7.821781680162101225e+01 1.873072494511751529e+01 7.388077150230882850e+00 -1.029384602053036724e+04 -5.760883961607133642e+03 -1.857392073947709832e+03 1.523421630731588436e+02 1.189224052699715867e+04 1.641596025046640648e+02 -4.534120504098585513e+01
5.271178640228774137e-01 7.822448757863448066e+01 1.835053111345261811e+01 6.797208641823642594e+00 -1.050350811751273432e+04 -5.860284519618327977e+03 -1.887584909315089590e+03 1.545385750407967578e+02 1.209969140456973764e+04 1.641682672558083880e+02 -4.534120504098585513e+01
5.442128734849465133e-01 7.825467041589810435e+01 1.856458259652947973e+01 6.079926000652538853e+00 -1.038826981173513013e+04 -5.804836940416385005e+03 -1.871778759423354586e+03 1.536459261964486132e+02 1.198536431683321825e+04 1.641830799856053886e+02 -4.534120504098585513e+01
5.300715000401097221e-01 7.824115598700571184e+01 1.845773721881644391e+01 6.769270325800517796e+00 -1.042860430860090128e+04 -5.825048777733615680e+03 -1.876535671959218689e+03 1.536450888075893317e+02 1.202568748291485281e+04 1.641905042024040426e+02 -4.534120504098585513e+01
5.252971532615996475e-01 7.828564392141167616e+01 1.871640354831356845e+01 6.773892814733878609e+00 -1.043638233271720492e+04 -5.829054798216443487e+03 -1.877312869833982404e+03 1.535952739809157777e+02 1.203351317339378329e+04 1.642009584833018039e+02 -4.534120504098585513e+01
5.458004231928984540e-01 7.814595333198032279e+01 1.868622994769604162e+01 6.248187244912629446e+00 -1.044498866883106530e+04 -5.831753192572215994e+03 -1.879980894509154268e+03 1.542347127082307736e+02 1.204149484180479340e+04 1.642336396493966788e+02 -4.534120504098585513e+01
5.517158623545304064e-01 7.823488495794167363e+01 1.883238846473595274e+01 6.862509899227950960e+00 -1.020532899342734163e+04 -5.718270746760992552e+03 -1.845176801891172772e+03 1.516574435367326430e+02 1.180442113523389162e+04 1.642345295830135399e+02 -4.534120504098585513e+01
5.327774791002320987e-01 7.820077091419740611e+01 1.863308793970308130e+01 6.653484040935158106e+00 -1.047591310212370081e+04 -5.846559321582313714e+03 -1.884253274966532899e+03 1.545016610005029634e+02 1.207214237829826743e+04 1.642454602033672870e+02 -4.534120504098585513e+01
5.231570309592993295e-01 7.817273528012155737e+01 1.843516717776358860e+01 7.281658003900451703e+00 -1.054218395287097337e+04 -5.878845707444133950e+03 -1.893078729383437576e+03 1.548666776613677314e+02 1.213803929708902251e+04 1.642626108691302420e+02 -4.534120504098585513e+01
5.351579287366247106e-01 7.820629224047497985e+01 1.848617716120580923e+01 7.334619428754342252e+00 -1.035473927185909997e+04 -5.789717275070766846e+03 -1.866154675014287704e+03 1.529911129978235067e+02 1.195247918535623648e+04 1.642730153740229184e+02 -4.534120504098585513e+01
5.354320065864521805e-01 7.833465863414045316e+01 1.857066314673307517e+01 6.650346278098226094e+00 -1.034139084623981580e+04 -5.783694779304244548e+03 -1.863958466679112234e+03 1.527302447571453285e+02 1.193939174337477925e+04 1.642778776743936930e+02 -4.534120504098585513e+01
5.478806266476976550e-01 7.835283784550273367e+01 1.868381270113711778e+01 6.832388492180887063e+00 -1.010927369870124312e+04 -5.673464476244400430e+03 -1.830536750467406819e+03 1.503575866241036465e+02 1.170965872318101538e+04 1.642853139077774642e+02 -4.534120504098585513e+01
5.587184675447725013e-01 7.820144568790438200e+01 1.866707462619194757e+01 6.314379994976479615e+00 -1.029604304878840048e+04 -5.761058304608796789e+03 -1.858464002140714001e+03 1.526892150178759664e+02 1.189410688216860399e+04 1.643051421881772853e+02 -4.534120504098585513e+01
5.577954381334667699e-01 7.824872312832300736e+01 1.882455692652126444e+01 6.199575633041461309e+00 -1.012829154463219675e+04 -5.682002468914361089e+03 -1.833818487131289203e+03 1.507491012049612777e+02 1.172829517103611943e+04 1.643214138320356597e+02 -4.534120504098585513e+01
5.331828863404033392e-01 7.815452409364475272e+01 1.872414851779817013e+01 6.644557294198291331e+00 -1.042167077048697502e+04 -5.821493102163861295e+03 -1.875866468959450685e+03 1.536812206249017549e+02 1.201872466296776111e+04 1.643443667075193559e+02 -4.534120504098585513e+01
5.348987493566820239e-01 7.825736019536094545e+01 1.868515139028330552e+01 7.241879454280620187e+00 -1.025632071193623597e+04 -5.743668135188757333e+03 -1.851336008886218906e+03 1.517127933663082331e+02 1.185534011310108326e+04 1.643628097601527429e+02 -4.534120504098585513e+01
5.402040141967687781e-01 7.827626544977353262e+01 1.872018751463205177e+01 6.394508678542264235e+00 -1.033782606690213834e+04 -5.781648711079214991e+03 -1.863811228090341729e+03 1.528328777279455437e+02 1.193572975969329491e+04 1.643784726338116400e+02 -4.534120504098585513e+01
5.534128121073033091e-01 7.824142569799401770e+01 1.868458275735040530e+01 6.298999226039214250e+00 -1.039128605374812651e+04 -5.805967083992351036e+03 -1.872459779479620465e+03 1.537878004515694954e+02 1.198824524886930158e+04 1.644255189312017080e+02 -4.534120504098585513e+01
5.422705571010026926e-01 7.820000712354236327e+01 1.858394601056978956e+01 6.700849058332294383e+00 -1.030097275979576443e+04 -5.764332900655153026e+03 -1.858310261404912126e+03 1.523810648471926470e+02 1.189932864488857558e+04 1.644348498813195931e+02 -4.534120504098585513e+01
5.234997519880282280e-01 7.821125993533291876e+01 1.857507961013737940e+01 6.786298114491907008e+00 -1.052131938451725910e+04 -5.868493535329808765e+03 -1.890382733214303016e+03 1.548152471764904874e+02 1.211723152733023744e+04 1.644445156747192129e+02 -4.534120504098585513e+01
5.298219886714617965e-01 7.823649329248594597e+01 1.863298147660489334e+01 6.966374708176162223e+00 -1.046039459312718463e+04 -5.839632680664858526e+03 -1.881606837275063526e+03 1.541727876544426010e+02 1.205694962603591739e+04 1.644768771648455470e+02 -4.534120504098585513e+01
5.223892952571258519e-01 7.824067685308673958e+01 1.842797928026969245e+01 7.132888860128448805e+00 -1.057477098843316708e+04 -5.894213030877304845e+03 -1.897783279923306964e+03 1.552328778628922805e+02 1.217025975715221284e+04 1.644814956692700889e+02 -4.534120504098585513e+01
5.524849802312286062e-01 7.824616908737574761e+01 1.882532110467353093e+01 6.633783189597179941e+00 -1.033948765717167771e+04 -5.781491627380707541e+03 -1.864972965258689555e+03 1.532159579584202902e+02 1.193702573151493198e+04 1.644847992129076601e+02 -4.534120504098585513e+01
5.503074614636256356e-01 7.829022598735082283e+01 1.859790693361161118e+01 6.153690092884729346e+00 -1.024654020487211164e+04 -5.738584340486671863e+03 -1.850413753438175945e+03 1.517895770643764308e+02 1.184549218990088957e+04 1.644946365618992559e+02 -4.534120504098585513e+01
5.486636103371373974e-01 7.825558945909594399e+01 1.877600198104713414e+01 6.254267661471804907e+00 -1.039253147328162231e+04 -5.807154740428729383e+03 -1.872060898676446186e+03 1.535660816386358078e+02 1.198971072844406990e+04 1.644965751807019672e+02 -4.534120504098585513e+01
5.443073400611495583e-01 7.818740696094378961e+01 1.856764385291703334e+01 6.091251664438850355e+00 -1.038482186958239254e+04 -5.803217447270663797e+03 -1.871286178728621735e+03 1.536039282257820844e+02 1.198196035754309196e+04 1.645066821358767868e+02 -4.534120504098585513e+01
5.324799644499889073e-01 7.824501016645427853e+01 1.851819698341614640e+01 7.304573723109825778e+00 -1.025354170781168978e+04 -5.741987908318245900e+03 -1.851302387938024822e+03 1.518297516135352510e+02 1.185244580584507457e+04 1.645290433962331633e+02 -4.534120504098585513e+01
5.224383620413911578e-01 7.822447850630284449e+01 1.842496772334149924e+01 7.280116311617566005e+00 -1.044528796010625592e+04 -5.833347839714563634e+03 -1.878621786076220360e+03 1.536751693371504643e+02 1.204233316464227028e+04 1.645344917023991229e+02 -4.534120504098585513e+01
5.457129023416404934e-01 7.819933405716851382e+01 1.878721534414641781e+01 6.606046389681667463e+00 -1.043120334094139980e+04 -5.824653734332372551e+03 -1.878518082492561689e+03 1.543055361538943373e+02 1.202764755500676802e+04 1.645402776953133639e+02 -4.534120504098585513e+01
5.401974108852699574e-01 7.831202615402783351e+01 1.859510811405602126e+01 6.985081029151403165e+00 -1.024090978485112828e+04 -5.735728629189972708e+03 -1.849760893953785853e+03 1.518037655272942459e+02 1.183984663816228567e+04 1.646295540738750276e+02 -4.534120504098585513e+01
5.476434186949604710e-01 7.822176490042308217e+01 1.864119380392543235e+01 6.642789574890394455e+00 -1.029705984635748428e+04 -5.761792220238632581e+03 -1.858475459585535873e+03 1.526125991760281693e+02 1.189519407564392350e+04 1.646325721551020536e+02 -4.534120504098585513e+01
5.387299479720794038e-01 7.825259292474298434e+01 1.867952964373493430e+01 6.870239912487720702e+00 -1.017656902932537378e+04 -5.705455982115195184e+03 -1.840273785780336311e+03 1.510392531201679560e+02 1.177626921928129559e+04 1.646426423252025018e+02 -4.534120504098585513e+01
5.313641733482586949e-01 7.828773213227168526e+01 1.865156528389929136e+01 7.135467354437020404e+00 -1.021154477604322892e+04 -5.722744726451431234e+03 -1.844538474555549783e+03 1.511224145111878556e+02 1.181115192145191395e+04 1.646543302769347861e+02 -4.534120504098585513e+01
5.507985172353209169e-01 7.827823887103333789e+01 1.866356815020460758e+01 6.580606643008477974e+00 -1.007047609542716236e+04 -5.655179578386896537e+03 -1.824855984680984193e+03 1.499073397098498219e+02 1.167131518120181681e+04 1.646680934258093316e+02 -4.534120504098585513e+01
5.236552850496295486e-01 7.821315460829849542e+01 1.870549570999886768e+01 7.885100796419420632e+00 -1.043432835537147730e+04 -5.827731839718539959e+03 -1.877420525068151619e+03 1.537179679531370482e+02 1.203133711538867647e+04 1.646994992194231031e+02 -4.534120504098585513e+01
5.537403707600820901e-01 7.822813190099674330e+01 1.867359515988886187e+01 6.052843552214279832e+00 -1.025918162733869758e+04 -5.743933117585462242e+03 -1.852774050534019580e+03 1.521627224198230408e+02 1.185776876235313648e+04 1.647056179882708022e+02 -4.534120504098585513e+01
5.361890398221530463e-01 7.828488510628035613e+01 1.860345546455338095e+01 7.515559234184151727e+00 -1.022831250287378498e+04 -5.730307167214580659e+03 -1.847372797407545477e+03 1.514519851976200187e+02 1.182759592130408237e+04 1.647119679707436148e+02 -4.534120504098585513e+01
5.335657534291678994e-01 7.814078137523823386e+01 1.857041942122955547e+01 6.406773831637250893e+00 -1.055986813720171085e+04 -5.886612867245335110e+03 -1.896219382309353477e+03 1.552873624851998215e+02 1.215531425490676338e+04 1.647240398168200386e+02 -4.534120504098585513e+01
5.189022872663762165e-01 7.817063598398193847e+01 1.847683981973498035e+01 7.372044936127962522e+00 -1.052663163044568319e+04 -5.871464650390760653e+03 -1.890807256473313373e+03 1.547028947504700227e+02 1.212265164559561526e+04 1.647254456468625676e+02 -4.534120504098585513e+01
5.228537599947539194e-01 7.828544658145597168e+01 1.852216267827980900e+01 7.465055722187432075e+00 -1.046610946476946083e+04 -5.843114790966062174e+03 -1.881697915996664960e+03 1.539295921266605944e+02 1.206290072769508515e+04 1.647525704033029399e+02 -4.534120504098585513e+01
5.378621642074188358e-01 7.821889051541880633e+01 1.867016242712323049e+01 6.366018236374030081e+00 -1.025446943669415487e+04 -5.742433351669522381e+03 -1.851441238642909866e+03 1.518366328577400282e+02 1.185336810203501591e+04 1.647880524847760739e+02 -4.534120504098585513e+01
5.278954778959373817e-01 7.825417270669208847e+01 1.851385727648710855e+01 6.508998935831591837e+00 -1.048241054854281901e+04 -5.850114543427330318e+03 -1.884749844249018679e+03 1.543838931302154265e+02 1.207875594393739266e+04 1.647889717946821122e+02 -4.534120504098585513e+01
5.101753535556202701e-01 7.823370356500153378e+01 1.856937148786837000e+01 7.686220811594316693e+00 -1.055632053773489679e+04 -5.886204862596863677e+03 -1.894396851858685750e+03 1.547504904701215480e+02 1.215228358523943280e+04 1.647912651713546381e+02 -4.534120504098585513e+01
5.300876631245371451e-01 7.824331151759949421e+01 1.854705550372276335e+01 6.533408294410613770e+00 -1.056870199223370764e+04 -5.890602255635426445e+03 -1.897566128674614447e+03 1.554497175791140080e+02 1.216398168845184227e+04 1.647943270106029843e+02 -4.534120504098585513e+01
5.419493623083251332e-01 7.827101375980971909e+01 1.852232423146555362e+01 6.279958545066296693e+00 -1.017650713458192513e+04 -5.705599358992493762e+03 -1.840073073593514891e+03 1.509698485039330649e+02 1.177627380564101259e+04 1.648226871941462548e+02 -4.534120504098585513e+01
5.427151686253766094e-01 7.831362239625141797e+01 1.860064620138017943e+01 7.180626571614715736e+00 -1.019241924006005866e+04 -5.713065726539904063e+03 -1.842414848612109836e+03 1.511615578927187471e+02 1.179199744868482958e+04 1.648280071646042302e+02 -4.534120504098585513e+01
5.424857892925546432e-01 7.824217552484385862e+01 1.857606637355881318e+01 6.256220442943780213e+00 -1.021456659092484915e+04 -5.723422576412709532e+03 -1.845715364380275332e+03 1.514498735149240929e+02 1.181385513868622002e+04 1.648377227809305055e+02 -4.534120504098585513e+01
5.632215560960869283e-01 7.823074187784875733e+01 1.886091759991378680e+01 6.293171621265676308e+00 -1.017416994107414939e+04 -5.703121447223510586e+03 -1.841015308614015794e+03 1.514689201363576956e+02 1.177346196201720522e+04 1.648734531767112514e+02 -4.534120504098585513e+01
5.403795977108875048e-01 7.821900623113872086e+01 1.862164038872253968e+01 6.988352482449538883e+00 -1.032365970083996581e+04 -5.775173377035232079e+03 -1.861523418364268309e+03 1.525903518037748938e+02 1.192180369109983985e+04 1.648806249377907136e+02 -4.534120504098585513e+01
5.190357939924588049e-01 7.819939039986290652e+01 1.858811815289492131e+01 8.009168225596667412e+00 -1.050631699427078274e+04 -5.861836921074988823e+03 -1.887869825657725414e+03 1.544885981069552088e+02 1.210255155928602107e+04 1.649476900398333044e+02 -4.534120504098585513e+01
5.129287368795102386e-01 7.822985900246145263e+01 1.846822444674522856e+01 7.977788697397262041e+00 -1.047886680757073918e+04 -5.849230114807208338e+03 -1.883466084849502749e+03 1.540411853524697392e+02 1.207554012768484426e+04 1.649633891250903162e+02 -4.534120504098585513e+01
5.527943530083151424e-01 7.829722825340974168e+01 1.873897111613181110e+01 6.921529141754607650e+00 -1.009581502810104030e+04 -5.666647476185768028e+03 -1.829038860410928010e+03 1.503862718967412775e+02 1.169618023977949088e+04 1.649728267151596697e+02 -4.534120504098585513e+01
5.496323813143852988e-01 7.829745060340607665e+01 1.867492544035816948e+01 6.180095694950668239e+00 -1.024913935264108295e+04 -5.739452320387956206e+03 -1.851034864335764041e+03 1.519459216837092868e+02 1.184793937156459106e+04 1.649960246834061195e+02 -4.534120504098585513e+01
5.564353651016618052e-01 7.830185904545584208e+01 1.874140759319554661e+01 6.598430548258630068e+00 -1.013125245399535925e+04 -5.683446056804122236e+03 -1.834239577985818187e+03 1.507639104558208487e+02 1.173124270243737374e+04 1.650128436514036423e+02 -4.534120504098585513e+01
5.357817772875472784e-01 7.822358680092831662e+01 1.879837876795563645e+01 6.750581451388613985e+00 -1.038250429904149678e+04 -5.802773158069137935e+03 -1.870356133040368150e+03 1.533277146824214867e+02 1.197991462101122306e+04 1.650854972176590252e+02 -4.534120504098585513e+01
5.266266293568500068e-01 7.818022856957182398e+01 1.855379842865650986e+01 7.455900323839949273e+00 -1.044821678229704776e+04 -5.834344046923696624e+03 -1.879349192358100709e+03 1.538482485952615946e+02 1.204509514084489638e+04 1.650876704730836479e+02 -4.534120504098585513e+01
5.514326550403045868e-01 7.825218818354908024e+01 1.868083216548956571e+01 6.667615480293144437e+00 -1.019875936477811229e+04 -5.715018128013889509e+03 -1.844372885855546201e+03 1.516448593703264578e+02 1.179786364415367461e+04 1.650947086437900282e+02 -4.534120504098585513e+01
5.435629226801711456e-01 7.817669330581934162e+01 1.865656384279409252e+01 6.868008043469381541e+00 -1.042606397119029498e+04 -5.822567825231247298e+03 -1.877413430314004472e+03 1.541165384000612164e+02 1.202268893192193900e+04 1.651657816155240255e+02 -4.534120504098585513e+01
5.577586718004527988e-01 7.828441696859928811e+01 1.872213071680780416e+01 6.495383220852238182e+00 -1.008745323567514242e+04 -5.662895002150424261e+03 -1.827701974392574584e+03 1.502196555615056468e+02 1.168798841464316320e+04 1.651678839117705024e+02 -4.534120504098585513e+01
5.520540371199390561e-01 7.828571862498685618e+01 1.868655303152371516e+01 6.460496032941992262e+00 -1.028384822573300335e+04 -5.755726594115652006e+03 -1.856235100907168771e+03 1.523833281801143471e+02 1.188221032649244262e+04 1.652024161907500286e+02 -4.534120504098585513e+01
5.204469936572313493e-01 7.822793385222357188e+01 1.868296836015850815e+01 7.451344991612007362e+00 -1.041704217954921478e+04 -5.819854751478532307e+03 -1.874581839536293273e+03 1.534125162609420272e+02 1.201435151628019412e+04 1.652323836148899829e+02 -4.534120504098585513e+01
5.352746376413028973e-01 7.819622946517759488e+01 1.850331598458494042e+01 6.487524269760402085e+00 -1.041725122515225667e+04 -5.819150239807055186e+03 -1.875368780024768512e+03 1.537258383139032389e+02 1.201425562285332671e+04 1.652893502099994123e+02 -4.534120504098585513e+01
5.185318807819480069e-01 7.826877202782061715e+01 1.843539411002795347e+01 6.891812901545686820e+00 -1.045129451499083916e+04 -5.836211009250690040e+03 -1.879380444716767443e+03 1.537229557574338514e+02 1.204828831421247560e+04 1.653115938582821514e+02 -4.534120504098585513e+01
5.307215508852263230e-01 7.820512720860074296e+01 1.868947686649740447e+01 6.915419684784632537e+00 -1.042704559988696928e+04 -5.823640441688071405e+03 -1.876910246743059588e+03 1.538856720557759559e+02 1.202389209770043635e+04 1.653126140615302120e+02 -4.534120504098585513e+01
5.417987824153622789e-01 7.833959323660035068e+01 1.854465468829266683e+01 6.598759209039069873e+00 -1.012875532571277654e+04 -5.683082809573608756e+03 -1.833008994386741279e+03 1.504171326564631670e+02 1.172907515284798683e+04 1.653142717687508991e+02 -4.534120504098585513e+01
5.393649282434859193e-01 7.829700953819646259e+01 1.870397946017374835e+01 6.963894696882840130e+00 -1.021058011485983297e+04 -5.721382826809811377e+03 -1.845305680486916799e+03 1.514702847473267582e+02 1.180984786500231894e+04 1.653204525764282380e+02 -4.534120504098585513e+01
5.494099995411729775e-01 7.826031890591613660e+01 1.868176359264724695e+01 6.210035830432885540e+00 -1.028899318870492789e+04 -5.757947489637799663e+03 -1.857184966126760628e+03 1.525236632470290772e+02 1.188721713576424372e+04 1.653524348559101611e+02 -4.534120504098585513e+01
5.145940015209859997e-01 7.821143257358312439e+01 1.846921325753109855e+01 6.853354074643007721e+00 -1.051524633589916266e+04 -5.866587114302215014e+03 -1.888603213620111092e+03 1.543766724343971646e+02 1.211158476407022317e+04 1.653849602665761438e+02 -4.534120504098585513e+01
5.364419323460658529e-01 7.823436419392089647e+01 1.858793418162998634e+01 6.682200148212706026e+00 -1.021643314825593552e+04 -5.724640799047017936e+03 -1.845688069471053950e+03 1.513419915146670292e+02 1.181582478315014487e+04 1.653855515621069401e+02 -4.534120504098585513e+01
5.439652551626843469e-01 7.828738746411247007e+01 1.863054881617431846e+01 6.112189755642179811e+00 -1.027197466471638290e+04 -5.750863283922217306e+03 -1.853851143227470857e+03 1.519689491180449465e+02 1.187074288441061253e+04 1.654087012205600900e+02 -4.534120504098585513e+01
5.482975895345113537e-01 7.825614666571773625e+01 1.863888246160207984e+01 6.500089211254885591e+00 -1.030189307988628570e+04 -5.764264161536404572e+03 -1.858928664761834170e+03 1.525910070053045331e+02 1.190004417983490566e+04 1.654344614408097698e+02 -4.534120504098585513e+01
5.354619412558245806e-01 7.813598595726365659e+01 1.854563473949265884e+01 6.403571443092331172e+00 -1.051742874688271695e+04 -5.866220724545843950e+03 -1.890322949136662373e+03 1.549477167654821699e+02 1.211321521241665869e+04 1.654428397828826860e+02 -4.534120504098585513e+01
5.465173443508460904e-01 7.831286020436473905e+01 1.879446908607249256e+01 6.827665751248429338e+00 -1.015101946929563928e+04 -5.693196425361205002e+03 -1.836690812885437481e+03 1.508231890463816853e+02 1.175094144948211215e+04 1.654451473842457290e+02 -4.534120504098585513e+01
5.327183635907924986e-01 7.814701380505927375e+01 1.863638567012631952e+01 6.856610514144235502e+00 -1.055985459521311532e+04 -5.886244582502489720e+03 -1.896547267747610476e+03 1.554271620626196864e+02 1.215516322172993750e+04 1.654541033829785022e+02 -4.534120504098585513e+01
5.575487015863701545e-01 7.822900442915621966e+01 1.879712338218879353e+01 6.190126684819583502e+00 -1.032604040705677107e+04 -5.775264836946004834e+03 -1.862834297492669748e+03 1.530102045397728716e+02 1.192378430680817110e+04 1.654912558909165341e+02 -4.534120504098585513e+01
5.299966694286966096e-01 7.819266298198913034e+01 1.855228929774220248e+01 6.825819556586639081e+00 -1.036492536364283660e+04 -5.795130348589440473e+03 -1.867150875178170281e+03 1.528761874730940349e+02 1.196277637740129467e+04 1.655172232873382256e+02 -4.534120504098585513e+01
5.298114514972056543e-01 7.825669864038886203e+01 1.854196355650585204e+01 6.564875200340596351e+00 -1.039775365563507148e+04 -5.810763095872221129e+03 -1.871724186950584908e+03 1.531817095042284507e+02 1.199529877505934746e+04 1.655182205382592429e+02 -4.534120504098585513e+01
5.508207841834786844e-01 7.829293088539715484e+01 1.868290843262502676e+01 6.420731723254705869e+00 -1.019881004024519461e+04 -5.715905473859326776e+03 -1.843488339258044562e+03 1.512969683498499194e+02 1.179825901133748994e+04 1.655729568127543416e+02 -4.534120504098585513e+01
5.377180732725823642e-01 7.829565963961663044e+01 1.857176238683182845e+01 6.288602000159976946e+00 -1.030924596684408061e+04 -5.768287325294409129e+03 -1.859428715530637191e+03 1.524539885303202027e+02 1.190752502023679335e+04 1.656001155809016439e+02 -4.534120504098585513e+01
5.380957173681415462e-01 7.820083315098332832e+01 1.848894723011444441e+01 6.622815761379253985e+00 -1.039313792744230705e+04 -5.807686510950439697e+03 -1.871953014780510557e+03 1.534862232173926770e+02 1.199038476242990873e+04 1.656316631309991578e+02 -4.534120504098585513e+01
5.457171347625723312e-01 7.823270465789245520e+01 1.871825373027071038e+01 6.259849355640624502e+00 -1.040507741340498978e+04 -5.812946397090988285e+03 -1.874017474886331229e+03 1.537615657102132332e+02 1.200205733788495672e+04 1.656641179149279708e+02 -4.534120504098585513e+01
5.429441201563374175e-01 7.824513434707503734e+01 1.865956268478364422e+01 6.417244044703245720e+00 -1.034188597885351555e+04 -5.782891238545935266e+03 -1.865024206880597148e+03 1.531412796859509058e+02 1.193948772125460164e+04 1.657295752180555723e+02 -4.534120504098585513e+01
5.457274590369675105e-01 7.820568404413759822e+01 1.865002734455998024e+01 6.624498907979760709e+00 -1.035397384813514327e+04 -5.788544580958810911e+03 -1.866809017919410053e+03 1.532937300370101070e+02 1.195142313943231966e+04 1.657369280978746815e+02 -4.534120504098585513e+01
5.272434410471193988e-01 7.827378622265190700e+01 1.853604252556529985e+01 7.249285810295364563e+00 -1.035383924934680363e+04 -5.789891170744286683e+03 -1.865392027452798629e+03 1.527418290991963374e+02 1.195182198006018007e+04 1.657754897391154714e+02 -4.534120504098585513e+01
5.294600439063775754e-01 7.825043860306188037e+01 1.869500303033458621e+01 6.947644250681888956e+00 -1.041454358762811535e+04 -5.817805483221998657e+03 -1.875041828840835024e+03 1.537204312605346956e+02 1.201155483110422756e+04 1.657861693646457013e+02 -4.534120504098585513e+01
5.390542411151507673e-01 7.821903783999876225e+01 1.847847104860214884e+01 6.617709023405828006e+00 -1.035786109785665940e+04 -5.791239254770540356e+03 -1.866621531212196260e+03 1.530081636969325416e+02 1.195558873543821210e+04 1.658243588488422233e+02 -4.534120504098585513e+01
5.492979005704996531e-01 7.826185169130158670e+01 1.877432062047098427e+01 6.519353197974072422e+00 -1.025492749908840051e+04 -5.742041791399011345e+03 -1.852136761759607907e+03 1.520778211840361109e+02 1.185359778099171672e+04 1.658315036672064195e+02 -4.534120504098585513e+01
5.435878540427723227e-01 7.829594943799526163e+01 1.851246690466484424e+01 6.286276679756229058e+00 -1.032011889799414348e+04 -5.773237340147552459e+03 -1.861193857329342791e+03 1.526467982795113585e+02 1.191821002797267283e+04 1.658370777011567441e+02 -4.534120504098585513e+01
5.548676168932715758e-01 7.820945044764823706e+01 1.875684699034302838e+01 6.074410378165922886e+00 -1.024216122200040991e+04 -5.735797783199872356e+03 -1.850432212825608985e+03 1.520150187611943977e+02 1.184089822650024689e+04 1.659675501300053782e+02 -4.534120504098585513e+01
5.369935622363194438e-01 7.831777285887824291e+01 1.870397224525254742e+01 6.851894115437740851e+00 -1.023212081109365681e+04 -5.731760131297168300e+03 -1.848283971855647678e+03 1.516321082309219719e+02 1.183122626602111814e+04 1.659724762112208225e+02 -4.534120504098585513e+01
5.355823194464107706e-01 7.827779726050829368e+01 1.851619190075374988e+01 6.812769223658539097e+00 -1.036947996267696362e+04 -5.796764937632832698e+03 -1.868213089547458821e+03 1.531204650190807115e+02 1.196709122803139326e+04 1.660644249353154294e+02 -4.534120504098585513e+01
5.377468018648282611e-01 7.817966430199759031e+01 1.864091369456767211e+01 6.438275130109685662e+00 -1.043214418297051088e+04 -5.826161779188516448e+03 -1.877590962861545677e+03 1.538994720841120056e+02 1.202897914290081644e+04 1.660766033370051389e+02 -4.534120504098585513e+01
5.505063968363900218e-01 7.829259781570762300e+01 1.872739077187973322e+01 6.652105407012466110e+00 -1.011165790931525407e+04 -5.674542162144429312e+03 -1.831011679779970336e+03 1.504086274429825210e+02 1.171199738738982887e+04 1.660896055534357743e+02 -4.534120504098585513e+01
5.242310570091746058e-01 7.825345522262303177e+01 1.861194705305415553e+01 6.897749450533949833e+00 -1.038574705033752798e+04 -5.804998006181148412e+03 -1.870092563651497812e+03 1.530924964171933880e+02 1.198337787916923844e+04 1.661147245666412573e+02 -4.534120504098585513e+01
5.380771188596251697e-01 7.824489489743186255e+01 1.868904377396464156e+01 6.544301629218616689e+00 -1.044006659748733364e+04 -5.829937165034148165e+03 -1.878717606829827901e+03 1.539755354595007475e+02 1.203682732960202338e+04 1.661177459437448078e+02 -4.534120504098585513e+01
5.321639437927551120e-01 7.823576456748858732e+01 1.864971163489126837e+01 7.226191487443738737e+00 -1.036362642845710252e+04 -5.794071214343381143e+03 -1.867377983056787571e+03 1.530324127964302647e+02 1.196132824749217616e+04 1.661814439460878816e+02 -4.534120504098585513e+01
5.248623445362109452e-01 7.824621765637176907e+01 1.858938054332834255e+01 7.510710110758281211e+00 -1.050030663909698706e+04 -5.858688659769725746e+03 -1.887229356103099462e+03 1.545361240489272063e+02 1.209649636197256223e+04 1.662271792250944031e+02 -4.534120504098585513e+01
5.299453924388194404e-01 7.827099608381834628e+01 1.862719317431834654e+01 6.769639851493410632e+00 -1.038257496082440957e+04 -5.803293239251035629e+03 -1.869799733051628891e+03 1.531313654829602626e+02 1.198017108677362012e+04 1.662496523007306450e+02 -4.534120504098585513e+01
5.442453010962927662e-01 7.820878097039367560e+01 1.871604910365005381e+01 6.745143121991053370e+00 -1.034353699541249625e+04 -5.783964000942714847e+03 -1.865037701602306925e+03 1.530467070789043191e+02 1.194123538260736677e+04 1.662831851708266129e+02 -4.534120504098585513e+01
5.317035247397033926e-01 7.824548310194965950e+01 1.845220759793067700e+01 6.951088445371821578e+00 -1.040459787259855875e+04 -5.813478528228401956e+03 -1.873233073429369142e+03 1.534649765792821086e+02 1.200186117185247531e+04 1.663490568213420318e+02 -4.534120504098585513e+01
5.318275133811003474e-01 7.824581536115165648e+01 1.856143498220138710e+01 6.921354738417862862e+00 -1.033380300603078831e+04 -5.780077473281946368e+03 -1.862904364043316946e+03 1.526602002718200310e+02 1.193187548915896332e+04 1.664062728537295186e+02 -4.534120504098585513e+01
5.387572043236047437e-01 7.829540641153970171e+01 1.863536345585794152e+01 6.498364632487004577e+00 -1.028285759694100307e+04 -5.755899897559494093e+03 -1.855532861402089111e+03 1.521324157046125549e+02 1.188145943895837445e+04 1.664305652929650989e+02 -4.534120504098585513e+01
5.386483564523038003e-01 7.825280788929171649e+01 1.849315927818896199e+01 6.467905709615997090e+00 -1.036228451714796756e+04 -5.793219114235955203e+03 -1.867306352265527948e+03 1.530960399999219419e+02 1.195992211421950196e+04 1.665205181108039199e+02 -4.534120504098585513e+01
5.309607586279647684e-01 7.823007462688916291e+01 1.859094193467003464e+01 6.823743743315872301e+00 -1.045561168776188424e+04 -5.837360011255354948e+03 -1.880902292235672576e+03 1.541171998174453677e+02 1.205222663818033107e+04 1.667303014704813506e+02 -4.534120504098585513e+01
5.407466677363725882e-01 7.828097298379007896e+01 1.869218171644996929e+01 6.730253506051147028e+00 -1.030138276012818278e+04 -5.764407686070358068e+03 -1.858441964345304768e+03 1.524304509333754254e+02 1.189968991514146910e+04 1.669052309686096862e+02 -4.534120504098585513e+01
5.344801282689076727e-01 7.823689790145432710e+01 1.860602828282456045e+01 6.893154967149150991e+00 -1.034924772175505859e+04 -5.787320427788552479e+03 -1.865207407338110897e+03 1.528538838004320439e+02 1.194712735404271007e+04 1.672236741236394266e+02 -4.534120504098585513e+01
