# A phi l a0 a1 a2 a3 a4 a5 logL logPrior
5.336689809359379533e-02 5.435490684124343552e+00 1.217708808775843998e+01 2.655563631687905399e+03 -4.360761076833445259e+03 8.970271021318167186e+03 -9.301829511406029269e+03 4.732152798930777863e+03 -9.451829032564700128e+02 8.622742029091590155e+00 -3.959344711998390665e+01
5.748251029429230635e-02 6.166464707858963834e+00 1.239566664999028056e+01 2.612980125887665508e+03 -4.135695367337843891e+03 8.500316732856656017e+03 -8.817030770047305850e+03 4.484949809114738855e+03 -8.953120212157135711e+02 1.303397447723977010e+01 -3.959344711998390665e+01
5.441660927494946370e-02 5.176275744879578866e+00 1.210062065227245576e+01 2.638209114037035761e+03 -4.270016820397142510e+03 8.782906667780815042e+03 -9.110784654389672141e+03 4.635913343919703948e+03 -9.260147427880471014e+02 1.400239142228933709e+01 -3.959344711998390665e+01
5.335117152476177849e-02 5.504453592419855212e+00 1.217856301429544352e+01 2.636666153074947943e+03 -4.261494911282422436e+03 8.764911826382296567e+03 -9.092676287269627210e+03 4.627267050563198609e+03 -9.244612944771288312e+02 1.513505463983168653e+01 -3.959344711998390665e+01
5.847517039025572350e-02 6.071547263870025191e+00 1.237067101561961913e+01 2.617569531986538550e+03 -4.159933376019519528e+03 8.550599544327653348e+03 -8.868258591210260420e+03 4.510597195867429036e+03 -9.003659758989999773e+02 1.535393355052232067e+01 -3.959344711998390665e+01
5.646645279349546409e-02 5.161364404761354052e+00 1.209266618922887382e+01 2.638462056985308209e+03 -4.270181655720112758e+03 8.781212614606120042e+03 -9.107383864708712281e+03 4.633562852254851350e+03 -9.254588625039274348e+02 1.584235584349327475e+01 -3.959344711998390665e+01
5.594731795117827144e-02 5.784125716280645868e+00 1.227128895675575038e+01 2.620992760681569962e+03 -4.179916862961067636e+03 8.596766464219259433e+03 -8.921015050047750265e+03 4.540405049649092689e+03 -9.070227225381773906e+02 1.587836993619939818e+01 -3.959344711998390665e+01
5.680311159649324704e-02 5.643682858207398567e+00 1.222273074110427338e+01 2.625750074726870935e+03 -4.200651842028253668e+03 8.630718227451096027e+03 -8.946292145295987211e+03 4.548289030929377077e+03 -9.076020339925360076e+02 1.637139674241114662e+01 -3.959344711998390665e+01
5.495000015238992591e-02 5.519743934608322355e+00 1.217874714909354594e+01 2.625560356835381754e+03 -4.202507347747924541e+03 8.641045601715097291e+03 -8.964098776931401517e+03 4.561253437471884354e+03 -9.110412966675382904e+02 1.675874241398666342e+01 -3.959344711998390665e+01
5.945335937758137318e-02 5.637163979769036715e+00 1.224813538435517835e+01 2.613820535933097744e+03 -4.137636131993464005e+03 8.499125202400378839e+03 -8.810564342508103437e+03 4.479184138706656086e+03 -8.937108576012036565e+02 1.710853177777206824e+01 -3.959344711998390665e+01
5.915106535910460983e-02 6.017054894274785681e+00 1.236030057155404727e+01 2.626905309640482756e+03 -4.207256840941464361e+03 8.645305743029344740e+03 -8.962014207488549800e+03 4.556641381646473747e+03 -9.093640421646956611e+02 1.714710717281693064e+01 -3.959344711998390665e+01
5.437585943966204843e-02 5.836998907487561894e+00 1.230597917079064985e+01 2.635775812273748670e+03 -4.257425970302529095e+03 8.757342866036862688e+03 -9.085305415234261091e+03 4.623428081015464159e+03 -9.236036770101118236e+02 1.718942675449048352e+01 -3.959344711998390665e+01
5.505399902571391640e-02 5.943539766485897324e+00 1.232283652296936260e+01 2.629115275377304897e+03 -4.217484279111432443e+03 8.663533695183070449e+03 -8.977407826907774506e+03 4.562622900851324630e+03 -9.101644730961276082e+02 1.722637303084826144e+01 -3.959344711998390665e+01
5.413372342599485909e-02 5.564731853492468794e+00 1.219071037030236582e+01 2.624635418441389902e+03 -4.196177188891944752e+03 8.624343989948087255e+03 -8.942808234076277586e+03 4.548120556345465047e+03 -9.079013967211245699e+02 1.726290784654291954e+01 -3.959344711998390665e+01
5.580955936787179023e-02 5.833851306701924422e+00 1.231678127852126892e+01 2.634495856992023619e+03 -4.250071801868411058e+03 8.740409324601254411e+03 -9.065916314848824186e+03 4.612441765672444490e+03 -9.211460641520656054e+02 1.744891955032939990e+01 -3.959344711998390665e+01
5.909550985198040035e-02 5.665275673667430567e+00 1.223561480906399268e+01 2.624990517367779375e+03 -4.197714401877889031e+03 8.626600149945794328e+03 -8.943930353954514430e+03 4.547977836775326068e+03 -9.077115921424307317e+02 1.758536301742660157e+01 -3.959344711998390665e+01
5.969467448252226832e-02 6.074150871742451940e+00 1.238605504144063296e+01 2.618994406621803591e+03 -4.165464476914813531e+03 8.558006543837900608e+03 -8.871856443290298557e+03 4.510596285094517953e+03 -9.000579039748765808e+02 1.766682869238648834e+01 -3.959344711998390665e+01
5.545646723578679521e-02 5.560282063850561229e+00 1.219502292860473602e+01 2.625850798488787404e+03 -4.204797838504911851e+03 8.647097007453190599e+03 -8.971253239375404519e+03 4.565132361227993897e+03 -9.118193697224928655e+02 1.773931337884932091e+01 -3.959344711998390665e+01
5.363903762876207071e-02 5.507129896249480794e+00 1.220072315507660576e+01 2.637236413177321083e+03 -4.262441174512220641e+03 8.762338538750223961e+03 -9.085118199517468383e+03 4.620810232326107325e+03 -9.226117642233712104e+02 1.795593689779514435e+01 -3.959344711998390665e+01
5.528408540017321071e-02 5.285790975943273295e+00 1.211225395920770076e+01 2.637210488483135123e+03 -4.264202794259629627e+03 8.769457570699418284e+03 -9.095413197567253519e+03 4.627262445232853679e+03 -9.241013632009305638e+02 1.795982676464155148e+01 -3.959344711998390665e+01
5.757032139762505163e-02 5.664841639531249307e+00 1.222919343160543626e+01 2.625454328065193749e+03 -4.202483983646035085e+03 8.641670096746989657e+03 -8.964978403176153734e+03 4.561620387025562195e+03 -9.110685014903709771e+02 1.800893150952668620e+01 -3.959344711998390665e+01
5.568092306552784032e-02 5.799298468899150905e+00 1.229621892840616404e+01 2.617660771696298070e+03 -4.157088015165971228e+03 8.538249131253098312e+03 -8.849663669581137583e+03 4.498597955404529785e+03 -8.975391089783330472e+02 1.803319515937935691e+01 -3.959344711998390665e+01
5.851490333354280454e-02 6.150404251721339755e+00 1.240755549990777240e+01 2.610149322755368757e+03 -4.119663248315845522e+03 8.464709345329119969e+03 -8.778288531413521923e+03 4.464316771889068150e+03 -8.910109940802126403e+02 1.816010692255265724e+01 -3.959344711998390665e+01
6.080629040961010173e-02 5.748713733277957871e+00 1.225952434667048685e+01 2.621690779021610979e+03 -4.180000115964747238e+03 8.588652092725580587e+03 -8.903385464096392752e+03 4.526399536563725633e+03 -9.031399869185441958e+02 1.827801257686641634e+01 -3.959344711998390665e+01
5.684491571710018065e-02 5.797239203247872119e+00 1.227977154784315061e+01 2.624313170754222938e+03 -4.196287343244913245e+03 8.627876592004911799e+03 -8.949256412387103410e+03 4.552491698714378799e+03 -9.089274511878368230e+02 1.831800494056907880e+01 -3.959344711998390665e+01
5.364602281877824119e-02 5.522739028124276750e+00 1.219565538363864476e+01 2.627382584322101138e+03 -4.210416191590426934e+03 8.653390879766051512e+03 -8.972024722816340727e+03 4.562656478867395890e+03 -9.107715608450208720e+02 1.835815102925646514e+01 -3.959344711998390665e+01
5.648622762672141084e-02 5.390489350384672029e+00 1.214353954076078423e+01 2.645373110524526965e+03 -4.305918193656189942e+03 8.853686664746124734e+03 -9.179443801758883637e+03 4.668696635230382526e+03 -9.321818661029985833e+02 1.837797418118345405e+01 -3.959344711998390665e+01
5.625880288635318194e-02 6.004953526107748907e+00 1.234377120995721100e+01 2.630366159754575165e+03 -4.227688416514944038e+03 8.693047085836082260e+03 -9.017015952769570504e+03 4.587802651940060059e+03 -9.162984467439403033e+02 1.839514522272195762e+01 -3.959344711998390665e+01
5.411152759613446772e-02 5.803001381931009561e+00 1.228843072472924369e+01 2.617292559885502669e+03 -4.155872564221703215e+03 8.537314612655898600e+03 -8.850418309677193974e+03 4.499885101504998602e+03 -8.979850945313671673e+02 1.841594660822367402e+01 -3.959344711998390665e+01
5.979261459472024615e-02 5.689544884680912240e+00 1.225564566643444486e+01 2.633923863136675664e+03 -4.245852896807798061e+03 8.729071545537242855e+03 -9.051629004309492302e+03 4.603888108353411553e+03 -9.191859026699642072e+02 1.851547033173951107e+01 -3.959344711998390665e+01
5.763690398901905737e-02 5.822426877896383246e+00 1.227992244752268824e+01 2.622531033405905873e+03 -4.186603636406007354e+03 8.607239514279348441e+03 -8.927665723073836489e+03 4.541381546734986841e+03 -9.066725119289493477e+02 1.854833844928990061e+01 -3.959344711998390665e+01
5.613307289180435172e-02 6.118869767015823413e+00 1.240592465456221483e+01 2.618806421365777624e+03 -4.164846679549196779e+03 8.557269355410500793e+03 -8.871363180467387792e+03 4.510295683504141380e+03 -8.999462500613602742e+02 1.855223752417711580e+01 -3.959344711998390665e+01
5.992986088842844339e-02 5.844043830642366544e+00 1.230799598503562109e+01 2.620501065243437552e+03 -4.174025030333452378e+03 8.577236720145863728e+03 -8.893126010764919556e+03 4.522153644129451095e+03 -9.025224990473996058e+02 1.867718945493949789e+01 -3.959344711998390665e+01
5.611442145445480478e-02 6.174578106963992674e+00 1.241410431776120404e+01 2.609730459923017861e+03 -4.114956216945293818e+03 8.449020838709742748e+03 -8.755491405970125925e+03 4.449105710284328779e+03 -8.871912471844475476e+02 1.869968530460084821e+01 -3.959344711998390665e+01
5.449284655226589030e-02 5.555181486740046637e+00 1.221333098297542819e+01 2.638636759361584154e+03 -4.270452325389904217e+03 8.780073975095194328e+03 -9.104221089832164580e+03 4.630885097398112521e+03 -9.247052488861883148e+02 1.871426006670975184e+01 -3.959344711998390665e+01
5.883799046759333184e-02 5.682321146698421366e+00 1.223976912961613372e+01 2.620198127090765411e+03 -4.173590781818184951e+03 8.579199868073343168e+03 -8.898595703932465767e+03 4.526930302272970948e+03 -9.039279577728386812e+02 1.876168541521082389e+01 -3.959344711998390665e+01
5.768197409979819446e-02 6.059352153260264551e+00 1.237776238262317108e+01 2.615560745491172838e+03 -4.147677966822403505e+03 8.521789104422286982e+03 -8.835545613126467288e+03 4.492625438635021055e+03 -8.965387832529291927e+02 1.877558669780546907e+01 -3.959344711998390665e+01
5.761362625043541658e-02 5.720410543901883749e+00 1.227281860107450129e+01 2.620992992464854979e+03 -4.175212943927110246e+03 8.576582840018123534e+03 -8.889060399143747418e+03 4.518265149227418078e+03 -9.013517767844410855e+02 1.890456143700327729e+01 -3.959344711998390665e+01
6.077507031245656804e-02 5.803762425398730329e+00 1.227855031530409846e+01 2.615887659760118368e+03 -4.149764867511435114e+03 8.526866510307676435e+03 -8.841465708749363330e+03 4.495951209319522604e+03 -8.972601872787220145e+02 1.895938374955116856e+01 -3.959344711998390665e+01
5.857682612231705083e-02 5.456677754936549718e+00 1.218874141757213714e+01 2.637054224243405770e+03 -4.261011348097332302e+03 8.757862360972761962e+03 -9.078433745216210809e+03 4.616097900514940193e+03 -9.213565325899342042e+02 1.898383261868216110e+01 -3.959344711998390665e+01
5.783835116785174257e-02 5.514204128526494664e+00 1.218852884666096692e+01 2.635268959751597322e+03 -4.252745742503913789e+03 8.743161510770738460e+03 -9.065965087901104198e+03 4.611133851818141011e+03 -9.206385129323932688e+02 1.907690115510309781e+01 -3.959344711998390665e+01
5.495539160149217478e-02 5.874676491345146800e+00 1.230093040976303875e+01 2.636184697559903725e+03 -4.258765655800505556e+03 8.758359597791464694e+03 -9.084472781566124468e+03 4.622035734452418183e+03 -9.231303122733813780e+02 1.908645013114815114e+01 -3.959344711998390665e+01
5.551515731987093777e-02 5.527256928295428473e+00 1.219966035855683373e+01 2.627850916662111558e+03 -4.213933494908608736e+03 8.663404929766105852e+03 -8.985508601936211562e+03 4.571252769690767309e+03 -9.128558064527275064e+02 1.920238450048888623e+01 -3.959344711998390665e+01
5.671068600098754658e-02 6.194241360857117407e+00 1.240547376147662462e+01 2.611700970715642143e+03 -4.125905662319898511e+03 8.473244206290732109e+03 -8.782057774601322308e+03 4.463500161623646818e+03 -8.902663773890568564e+02 1.922819725743062236e+01 -3.959344711998390665e+01
5.569861241676190428e-02 5.892639293556910296e+00 1.231424094417671888e+01 2.617432387961652239e+03 -4.159486444274157293e+03 8.550901910301865428e+03 -8.870636504406667882e+03 4.513316152361015156e+03 -9.013124005254727535e+02 1.922853940219732038e+01 -3.959344711998390665e+01
5.718472708063735560e-02 5.683277805460734022e+00 1.223007130560573685e+01 2.624348882743817285e+03 -4.193912105988131771e+03 8.617620299307604000e+03 -8.933381370918999892e+03 4.541843821684517025e+03 -9.063044611309744596e+02 1.926467433207537994e+01 -3.959344711998390665e+01
5.370544676257835853e-02 5.629009877943583540e+00 1.221503129131117937e+01 2.636242101632341928e+03 -4.258406348082638942e+03 8.756359122588672108e+03 -9.081329237781159463e+03 4.620019175491973328e+03 -9.226710419357369801e+02 1.927855017753155664e+01 -3.959344711998390665e+01
5.436076001670381991e-02 5.920524313992269860e+00 1.234095402689488097e+01 2.624052407103889436e+03 -4.193138667430642272e+03 8.617991144092915420e+03 -8.936147512089604788e+03 4.544613291802935237e+03 -9.071560059491851007e+02 1.931172970735096328e+01 -3.959344711998390665e+01
5.826968977906269581e-02 5.758575542448550522e+00 1.228344150557834347e+01 2.637837393424490529e+03 -4.266484967708831391e+03 8.771919518557742776e+03 -9.095396501259705474e+03 4.625833397447589050e+03 -9.234982068803149104e+02 1.932592795075955650e+01 -3.959344711998390665e+01
5.753628767961314200e-02 5.704987361219994391e+00 1.226699513419029230e+01 2.622926033582356467e+03 -4.184936434585251845e+03 8.596175892497949462e+03 -8.908830325468114097e+03 4.528268583900636258e+03 -9.033874407277572800e+02 1.935517213055016938e+01 -3.959344711998390665e+01
5.728578033388458807e-02 5.776800465943637164e+00 1.229648438212560002e+01 2.631652613453924914e+03 -4.231607467440285291e+03 8.694286244287275622e+03 -9.010164860023858637e+03 4.579699490196131592e+03 -9.136521789623178620e+02 1.937438852605986739e+01 -3.959344711998390665e+01
5.628381168269618734e-02 5.647315548278148079e+00 1.224338330029926425e+01 2.643763758953336037e+03 -4.298132621081277648e+03 8.838694236508705217e+03 -9.165011407465437514e+03 4.661731757742109949e+03 -9.308321022802803100e+02 1.940557882430225689e+01 -3.959344711998390665e+01
5.646868293206309258e-02 5.374731934267925837e+00 1.214966481406341359e+01 2.646307869933209986e+03 -4.311103096270661808e+03 8.865118558342521283e+03 -9.192002039340524789e+03 4.675583215861292956e+03 -9.336892316243876166e+02 1.944057585693744983e+01 -3.959344711998390665e+01
5.877662201072460929e-02 6.157995110908045966e+00 1.241015510220549523e+01 2.617310636413253633e+03 -4.158804335619579433e+03 8.548851656231134257e+03 -8.867250173708380316e+03 4.510597897769152951e+03 -9.004938305748061111e+02 1.945574752276747788e+01 -3.959344711998390665e+01
5.625051566375176976e-02 5.948618202787182341e+00 1.232875668558080662e+01 2.620733357224745760e+03 -4.172905566310565519e+03 8.569677715632022228e+03 -8.879622727356772884e+03 4.512208562926368359e+03 -8.998738230279918753e+02 1.950345004142045013e+01 -3.959344711998390665e+01
5.494457362199284961e-02 5.912726706895403694e+00 1.233255670876374843e+01 2.628259175032795611e+03 -4.215625583316043048e+03 8.665484850326443848e+03 -8.985675465922746298e+03 4.570107784273915058e+03 -9.123399534013225320e+02 1.951947492049638910e+01 -3.959344711998390665e+01
5.519861318451904642e-02 5.597433986333096634e+00 1.221942279840118140e+01 2.625419085498870572e+03 -4.200020261914296498e+03 8.631274737542700677e+03 -8.948320783544235383e+03 4.549840798638162596e+03 -9.079807599179744102e+02 1.954335986551671667e+01 -3.959344711998390665e+01
5.798526743181923321e-02 5.774611420070919543e+00 1.227566512437712198e+01 2.625919387593440206e+03 -4.205651956459622852e+03 8.649490160269253465e+03 -8.973926474135379976e+03 4.566411807292576668e+03 -9.120304372787680904e+02 1.956985871092140172e+01 -3.959344711998390665e+01
5.508775694267011719e-02 5.552085950653503410e+00 1.218921590435376245e+01 2.636178597018023538e+03 -4.258308708570102681e+03 8.756406734042408061e+03 -9.081386467470263597e+03 4.619928977074951945e+03 -9.226065806336308697e+02 1.970825035527112234e+01 -3.959344711998390665e+01
5.750971365326559143e-02 5.316385212301172558e+00 1.213071106500547458e+01 2.636320233789625490e+03 -4.260384668771258475e+03 8.763575631225347024e+03 -9.091750713489434929e+03 4.626737851896992652e+03 -9.242862982514488976e+02 1.990464889726552400e+01 -3.959344711998390665e+01
5.777205232237479088e-02 5.990807647000983671e+00 1.233905071256693731e+01 2.610782687143417661e+03 -4.121220257427888100e+03 8.463964404855611065e+03 -8.773276565258947812e+03 4.459604249300608899e+03 -8.896373204290921421e+02 1.997201865858887970e+01 -3.959344711998390665e+01
5.879755994325746443e-02 5.674614821752444804e+00 1.224065550628263388e+01 2.631716184491313470e+03 -4.233683213456132762e+03 8.702909206305539556e+03 -9.024202141939238572e+03 4.589834997346422824e+03 -9.163626848109212233e+02 2.003541021768995023e+01 -3.959344711998390665e+01
5.760026631453427776e-02 5.838873375776959307e+00 1.229372812555033612e+01 2.627788548284664557e+03 -4.212393679657059693e+03 8.657250769158255935e+03 -8.975808292511612308e+03 4.564498904300173308e+03 -9.111197530737684929e+02 2.004507436004578835e+01 -3.959344711998390665e+01
5.580960550444920287e-02 6.091428721878159536e+00 1.238153198436624081e+01 2.614852478031100873e+03 -4.142749207598091743e+03 8.509041429775588767e+03 -8.819897646755794995e+03 4.483395577906524522e+03 -8.944255677915125489e+02 2.024927796775380529e+01 -3.959344711998390665e+01
5.870637245875673371e-02 5.647076128521790750e+00 1.224162245256607839e+01 2.625944752578883708e+03 -4.204325758191329442e+03 8.643711092624615048e+03 -8.965016828179839649e+03 4.560502165143442653e+03 -9.105988765490963033e+02 2.025573393414672196e+01 -3.959344711998390665e+01
5.520495122296535662e-02 5.870200968500027372e+00 1.232715499379805379e+01 2.630882185788800598e+03 -4.230367729711683751e+03 8.698102056250998430e+03 -9.021193315281983814e+03 4.589164338928307188e+03 -9.163738495524390828e+02 2.029352119346376071e+01 -3.959344711998390665e+01
5.623348072604073683e-02 5.691468809082810942e+00 1.224557506832700149e+01 2.640224374480638744e+03 -4.281150273400423430e+03 8.807249190317477769e+03 -9.137068189957988579e+03 4.649897261724892815e+03 -9.289431803909742484e+02 2.029594139201710590e+01 -3.959344711998390665e+01
5.883456769261796726e-02 5.661596933656331210e+00 1.226238578005319901e+01 2.624269902244528112e+03 -4.193584849795057380e+03 8.617401690390021031e+03 -8.933939138094412556e+03 4.542679846780969456e+03 -9.066126407293365901e+02 2.029897258508930946e+01 -3.959344711998390665e+01
5.954367961249858870e-02 6.042661018369952508e+00 1.236950160833017698e+01 2.619265515055577907e+03 -4.166632898371720330e+03 8.560137068307441950e+03 -8.873966553813437713e+03 4.511722846354561625e+03 -9.003085454493591442e+02 2.035202574228954830e+01 -3.959344711998390665e+01
5.736889979874162937e-02 6.033795332858121974e+00 1.236076834041940309e+01 2.615574438001702219e+03 -4.147699648408976827e+03 8.521778764941987902e+03 -8.835533202989679921e+03 4.492644613399230366e+03 -8.965519923377848954e+02 2.036030531845243985e+01 -3.959344711998390665e+01
5.734966322915806963e-02 5.749291641875639236e+00 1.228350635265309876e+01 2.638619138932381702e+03 -4.272001932221494826e+03 8.786680947536053282e+03 -9.114336187980545219e+03 4.637577716468944345e+03 -9.263272773065947376e+02 2.037088900660923585e+01 -3.959344711998390665e+01
5.571231051884054097e-02 5.833335933908507798e+00 1.230603423299143451e+01 2.625463196389259338e+03 -4.201895125175995418e+03 8.638987261443568059e+03 -8.960580466596324186e+03 4.558469046475247524e+03 -9.102323546060027866e+02 2.040246315892467521e+01 -3.959344711998390665e+01
5.720988468272669714e-02 5.464910106763317899e+00 1.218217621065744716e+01 2.632416569386529773e+03 -4.236927594647952901e+03 8.708733421166083644e+03 -9.029271052162595879e+03 4.591998058955838133e+03 -9.167331172135021689e+02 2.040339961316704631e+01 -3.959344711998390665e+01
5.784159731181778841e-02 5.822492941816476808e+00 1.228196208262787437e+01 2.612842219376602770e+03 -4.132835531318389258e+03 8.489778234697540029e+03 -8.801415656037752342e+03 4.474610199337204904e+03 -8.927663460139790459e+02 2.041180711156200189e+01 -3.959344711998390665e+01
5.782698239512620852e-02 5.759414698125675081e+00 1.228773094686779110e+01 2.626812751733913046e+03 -4.206167716775755252e+03 8.641515327740366047e+03 -8.956157161848550459e+03 4.552416421974864534e+03 -9.082069879640308727e+02 2.042599581133821118e+01 -3.959344711998390665e+01
5.515897539689836038e-02 5.978242588244919276e+00 1.233235059400192490e+01 2.624512012759862500e+03 -4.194680085094384594e+03 8.619231854634785122e+03 -8.935237744960020791e+03 4.542951544172634385e+03 -9.065639042614993741e+02 2.046384422994308139e+01 -3.959344711998390665e+01
5.828815342339670191e-02 5.758574905130113386e+00 1.228344340761248077e+01 2.637837673502119287e+03 -4.266484727728999133e+03 8.771919731429836247e+03 -9.095396305265718183e+03 4.625833584945246002e+03 -9.234980206475281648e+02 2.046546471839361203e+01 -3.959344711998390665e+01
5.601889657696643848e-02 5.816475198046605399e+00 1.228125071259865386e+01 2.624315939947685365e+03 -4.192706686397405065e+03 8.612987755634654604e+03 -8.926534167019839515e+03 4.537383934359613704e+03 -9.052285279850209463e+02 2.050474310227908603e+01 -3.959344711998390665e+01
5.867560514948864936e-02 5.703913419374524452e+00 1.226337035921901553e+01 2.629126775143201939e+03 -4.221390892456310212e+03 8.679879191888725472e+03 -9.002828574461325843e+03 4.579982314441023846e+03 -9.145538525457620835e+02 2.052828111883050966e+01 -3.959344711998390665e+01
5.505997949428040328e-02 5.439440842487137218e+00 1.217133677960354454e+01 2.641408759161173293e+03 -4.285425190519896205e+03 8.811868664312747569e+03 -9.137367285724345493e+03 4.647829696197574776e+03 -9.281003217942146648e+02 2.058314453353686702e+01 -3.959344711998390665e+01
5.505701208537838037e-02 5.548454474812920090e+00 1.219143074147241812e+01 2.631581115634144680e+03 -4.232282517711568289e+03 8.698318880123048075e+03 -9.017477697522032031e+03 4.585263338946635486e+03 -9.151886068579710809e+02 2.059495360595243341e+01 -3.959344711998390665e+01
5.860941980896723635e-02 5.681435538249534289e+00 1.226281375250856343e+01 2.635230512685242047e+03 -4.252788983154932794e+03 8.743943932650226998e+03 -9.067698433246710920e+03 4.612590911739567673e+03 -9.210647478399158672e+02 2.062216599756850144e+01 -3.959344711998390665e+01
5.859201281950879303e-02 5.473638148811537540e+00 1.217947850084130046e+01 2.626207372298429163e+03 -4.205357655964823607e+03 8.645105594275120893e+03 -8.965651734082843177e+03 4.560389095450969762e+03 -9.104790345360783022e+02 2.065451460786439242e+01 -3.959344711998390665e+01
5.569206733165783796e-02 5.521322776176031510e+00 1.218642578828514367e+01 2.623758568268418458e+03 -4.191490877591868411e+03 8.614450999238975783e+03 -8.932514053420743949e+03 4.542856165511981089e+03 -9.068451091705411500e+02 2.065468086232047185e+01 -3.959344711998390665e+01
5.640794256913576887e-02 5.573657983440717167e+00 1.220515856900783369e+01 2.631867977955931565e+03 -4.233953590305956823e+03 8.702167597044428476e+03 -9.021796023876044273e+03 4.587599954603393599e+03 -9.156732314392459102e+02 2.067572764732244295e+01 -3.959344711998390665e+01
5.543603578378661356e-02 5.464813848950758945e+00 1.216820597954714067e+01 2.623421018090506550e+03 -4.190394657080156321e+03 8.613635353386427596e+03 -8.933199872067078104e+03 4.543964632239218190e+03 -9.072125323024038153e+02 2.067795537924346405e+01 -3.959344711998390665e+01
5.741468332094391142e-02 5.941923890542855524e+00 1.232410823909091668e+01 2.622453432529382098e+03 -4.183879515481709859e+03 8.596960682133623777e+03 -8.912778061719178368e+03 4.531921107557752293e+03 -9.044618472527513404e+02 2.067935054583691112e+01 -3.959344711998390665e+01
5.973528954264645946e-02 5.760565119908147125e+00 1.228800888852854989e+01 2.626530296228951556e+03 -4.206623997682670051e+03 8.646740893438540297e+03 -8.966125441534950369e+03 4.559889485973204501e+03 -9.101983701965209548e+02 2.069386346877395155e+01 -3.959344711998390665e+01
5.742281843632980609e-02 5.908989396076166578e+00 1.231574604996634470e+01 2.615259819011012951e+03 -4.144342251530174508e+03 8.511285252213308922e+03 -8.821221346618614916e+03 4.483649930814764957e+03 -8.944147993730972530e+02 2.069630954059207539e+01 -3.959344711998390665e+01
5.630827111626464376e-02 5.892294011302211310e+00 1.233288464358560077e+01 2.624733807054395584e+03 -4.197136106819866654e+03 8.627376264239708689e+03 -8.947141696805269021e+03 4.551016337022003427e+03 -9.086347984625738263e+02 2.072535240056187078e+01 -3.959344711998390665e+01
5.772943360184635414e-02 6.145762440462183562e+00 1.240342788183267864e+01 2.625847350943300171e+03 -4.202726644829455836e+03 8.638042773086823217e+03 -8.956633205997319237e+03 4.554825440520032316e+03 -9.091426614130128883e+02 2.074957042392213680e+01 -3.959344711998390665e+01
5.442250243886415095e-02 5.427946395055002426e+00 1.217001424222222461e+01 2.632583260317479471e+03 -4.239471969807446840e+03 8.717315592497634498e+03 -9.041170895988510892e+03 4.599398548464333544e+03 -9.184425442615187194e+02 2.075712788237063222e+01 -3.959344711998390665e+01
5.691812549536385407e-02 5.999311198996683636e+00 1.235264948681962061e+01 2.612668831909702476e+03 -4.131770029762707054e+03 8.487222676779096219e+03 -8.798440982399954009e+03 4.472927221823442778e+03 -8.923925465298608515e+02 2.076627904481646780e+01 -3.959344711998390665e+01
5.497808735834022742e-02 5.908731145101966398e+00 1.231009371588456425e+01 2.628407823378116063e+03 -4.215153295055712078e+03 8.661746540631305834e+03 -8.978854843517636255e+03 4.565077154868326033e+03 -9.110094316020916949e+02 2.079831387564778922e+01 -3.959344711998390665e+01
5.552871660627502898e-02 5.548603180705701909e+00 1.220573129435294213e+01 2.627928914706564228e+03 -4.214192537413943683e+03 8.663597090167379065e+03 -8.985343698868362480e+03 4.570996554886382000e+03 -9.127745352866890016e+02 2.082116087812297422e+01 -3.959344711998390665e+01
5.480604621297637674e-02 5.689945533650348608e+00 1.225644366871367552e+01 2.630597758825047094e+03 -4.227247511712984306e+03 8.688285666595231305e+03 -9.007868786183693373e+03 4.580903857425586466e+03 -9.144539498229427181e+02 2.083041354249887434e+01 -3.959344711998390665e+01
5.689799394819031880e-02 6.016441337558573466e+00 1.235166990903276307e+01 2.623901447625474248e+03 -4.191503796036698986e+03 8.612461074711845868e+03 -8.927824583867723049e+03 4.538806428026332469e+03 -9.056280705193856875e+02 2.083369780318689379e+01 -3.959344711998390665e+01
5.479956688521355618e-02 5.646455846115341792e+00 1.222972885056409353e+01 2.619892868507062303e+03 -4.171409319848241466e+03 8.573341596310809109e+03 -8.891033294640694294e+03 4.522199163520871480e+03 -9.027757429482727503e+02 2.084964480927830266e+01 -3.959344711998390665e+01
5.880356635229114920e-02 5.917734682074653030e+00 1.234073007329529936e+01 2.616596376986571158e+03 -4.152067255332200148e+03 8.528496786992731359e+03 -8.839798966856273182e+03 4.493392662414961706e+03 -8.964037090941507131e+02 2.085218198945162271e+01 -3.959344711998390665e+01
5.884909835961694285e-02 6.064083470386206542e+00 1.237770533289333130e+01 2.620034079106941135e+03 -4.173287893066850302e+03 8.579435297967318547e+03 -8.899337075590034146e+03 4.527334737898650928e+03 -9.039668976656453196e+02 2.089248276287093020e+01 -3.959344711998390665e+01
5.495621267936751791e-02 5.884595116644048218e+00 1.229755345550583101e+01 2.627758310234446526e+03 -4.212284347416331912e+03 8.657159826715645977e+03 -8.975830569640485919e+03 4.564544068908520785e+03 -9.111321269337682907e+02 2.089389925636313805e+01 -3.959344711998390665e+01
5.394154037367305393e-02 5.432932454445269066e+00 1.216698651643151585e+01 2.634077511056913409e+03 -4.246976545143272233e+03 8.732362520853786918e+03 -9.056234033721026208e+03 4.606923432490185405e+03 -9.199404251587361614e+02 2.093598749515469848e+01 -3.959344711998390665e+01
5.834931214178758901e-02 5.731147064462638774e+00 1.226139519839959036e+01 2.616044085789491419e+03 -4.149722613283904138e+03 8.525293864715495147e+03 -8.838693134683258904e+03 4.494149398616943472e+03 -8.968560181126822499e+02 2.097850511727190437e+01 -3.959344711998390665e+01
5.936253738826836879e-02 6.031476245989455975e+00 1.236694747912877901e+01 2.606957717841814883e+03 -4.101866605250472276e+03 8.425125127186083773e+03 -8.734536669357941719e+03 4.440361520724713046e+03 -8.858253449110552538e+02 2.099441595157490426e+01 -3.959344711998390665e+01
5.679920451329662640e-02 5.763014826688754866e+00 1.228927225762066655e+01 2.626341899515849946e+03 -4.205135211199087280e+03 8.642417450433982594e+03 -8.960262753656583300e+03 4.556151527888127021e+03 -9.092985336604431268e+02 2.099680502039263175e+01 -3.959344711998390665e+01
5.882147845216969401e-02 5.630000608078709945e+00 1.224057078451137848e+01 2.625596869203488950e+03 -4.202764107221730228e+03 8.641078945617127829e+03 -8.962903578089055372e+03 4.559651915913023004e+03 -9.104494546596035889e+02 2.102915664798416628e+01 -3.959344711998390665e+01
5.777392219698852110e-02 5.908599560646813131e+00 1.232836761636933431e+01 2.615233167851415601e+03 -4.143391847064433023e+03 8.507301205709674832e+03 -8.814726120195422482e+03 4.478958637305262528e+03 -8.931570561830011457e+02 2.108755619993302233e+01 -3.959344711998390665e+01
5.487675233955241483e-02 5.619304585671177854e+00 1.221574499289819826e+01 2.623850222598771779e+03 -4.191918058792681222e+03 8.615287957999900755e+03 -8.933416683356994326e+03 4.543386357093985680e+03 -9.069748997462935449e+02 2.108847138006336763e+01 -3.959344711998390665e+01
5.754484886416179334e-02 5.927521070083885846e+00 1.230641245236467718e+01 2.622056630199408573e+03 -4.182676513098550458e+03 8.596306423148123940e+03 -8.913906461538474105e+03 4.533318276059471827e+03 -9.048841589796051039e+02 2.109497982829529761e+01 -3.959344711998390665e+01
5.926501454397746504e-02 5.702492981627600876e+00 1.226174319112555189e+01 2.633981422878004651e+03 -4.245768247175956276e+03 8.728075124015607798e+03 -9.049696494218118460e+03 4.602368851816473580e+03 -9.187498140751997653e+02 2.110771187758540179e+01 -3.959344711998390665e+01
5.510650021995798509e-02 5.521630693087578479e+00 1.220338381299286468e+01 2.641284760094878493e+03 -4.285053942040990478e+03 8.811978933616701397e+03 -9.138646573099471425e+03 4.649176682842707123e+03 -9.285261304176361818e+02 2.111827913571382709e+01 -3.959344711998390665e+01
5.535757819649050893e-02 5.725708117036297118e+00 1.224750675505960551e+01 2.630978357302675249e+03 -4.230376065866034878e+03 8.696899759214793448e+03 -9.018541264342751674e+03 4.587029609908995553e+03 -9.157773032541139173e+02 2.113984692023327483e+01 -3.959344711998390665e+01
5.639684373012963936e-02 5.739408293854756593e+00 1.226009231536121824e+01 2.636395024447193009e+03 -4.260586594397322187e+03 8.763619913383727180e+03 -9.091350720140975682e+03 4.626235839182733798e+03 -9.241029355308468212e+02 2.123337558717458862e+01 -3.959344711998390665e+01
5.852482212165173447e-02 5.501804666475033301e+00 1.220056459138939431e+01 2.625277016967768759e+03 -4.198143670254829885e+03 8.625154413663016385e+03 -8.939909641949056095e+03 4.544564431103123752e+03 -9.067282203833842686e+02 2.125992182344794301e+01 -3.959344711998390665e+01
5.986803106133484209e-02 5.954443705569009815e+00 1.234675724514571193e+01 2.613913406735775879e+03 -4.137527925848557061e+03 8.497354010113565892e+03 -8.806801897689007092e+03 4.476092327155080056e+03 -8.928122134757421691e+02 2.127660242576462579e+01 -3.959344711998390665e+01
5.825436614547703507e-02 5.552930845210928723e+00 1.222626352797439964e+01 2.636918461951304380e+03 -4.261679519339900253e+03 8.762149948934935310e+03 -9.085801676398630661e+03 4.621323340257490599e+03 -9.226971402201020283e+02 2.129002878533198384e+01 -3.959344711998390665e+01
5.816770684174450701e-02 5.774534501752253135e+00 1.228812983989251961e+01 2.636362895748147821e+03 -4.258781565475038406e+03 8.756264212000391126e+03 -9.079983159989129490e+03 4.618530010458508514e+03 -9.221777313092997019e+02 2.129702036342840898e+01 -3.959344711998390665e+01
5.470957994824437315e-02 5.615936087708893076e+00 1.222557049002824137e+01 2.634235342993802078e+03 -4.248180095446476116e+03 8.735541047912156500e+03 -9.060102909189650745e+03 4.609148272406673641e+03 -9.204316515373869834e+02 2.131369710960660768e+01 -3.959344711998390665e+01
5.723016420017109501e-02 5.468843814293824046e+00 1.216762309602071035e+01 2.631287348548882164e+03 -4.231489677125416165e+03 8.698489440823082987e+03 -9.019796258217429568e+03 4.587656925701730870e+03 -9.159328102115402999e+02 2.132320875129027371e+01 -3.959344711998390665e+01
5.932262035755414553e-02 5.643748245977731948e+00 1.223817834232037960e+01 2.625474796209057786e+03 -4.202689020967172837e+03 8.642208669249062950e+03 -8.965486725127422687e+03 4.561733563988169408e+03 -9.110294616587450491e+02 2.133913569438734470e+01 -3.959344711998390665e+01
5.639232585253514674e-02 5.918382807549894764e+00 1.233561900971021430e+01 2.623086405240914246e+03 -4.187353898983932595e+03 8.604334488648024490e+03 -8.920221689704505479e+03 4.535432952403869422e+03 -9.050670102695920605e+02 2.137511644173669367e+01 -3.959344711998390665e+01
5.640273594129393414e-02 5.657838400210553509e+00 1.223945957908857096e+01 2.633038250237017110e+03 -4.243192690507722546e+03 8.728314385239722469e+03 -9.056341378933060696e+03 4.609315319701831868e+03 -9.209220009547250356e+02 2.141666124188418152e+01 -3.959344711998390665e+01
5.649084256175201241e-02 5.529370872363137401e+00 1.220735213156313570e+01 2.629560807343179022e+03 -4.222495269070716859e+03 8.679933440348471777e+03 -9.000821012740025253e+03 4.578016685162229805e+03 -9.139837492046879106e+02 2.142216545098565916e+01 -3.959344711998390665e+01
5.549063094555239245e-02 5.967658644017978631e+00 1.234834714242075826e+01 2.621482992040328554e+03 -4.180976578680154489e+03 8.595728593015426668e+03 -8.916568348414981301e+03 4.536428827673264095e+03 -9.058820496325207614e+02 2.143749224825761956e+01 -3.959344711998390665e+01
5.635867952434624184e-02 5.729159158682250563e+00 1.226645112384670711e+01 2.640502086906493787e+03 -4.281008253718647211e+03 8.803416024040145203e+03 -9.129386843679199956e+03 4.644102278149224730e+03 -9.274107893837874599e+02 2.144977311929442010e+01 -3.959344711998390665e+01
5.658348639725408608e-02 5.409006385825885665e+00 1.216252710620322119e+01 2.630439166565683081e+03 -4.228292554050809485e+03 8.694665795030990921e+03 -9.018978911671949390e+03 4.588927324120048979e+03 -9.165469226416475976e+02 2.145546522545657808e+01 -3.959344711998390665e+01
5.512293589132194471e-02 5.520866801633792953e+00 1.220272457090236173e+01 2.641179852944001595e+03 -4.284706608761180178e+03 8.811709978116103230e+03 -9.138861677509818037e+03 4.649545894764085460e+03 -9.286541625508929201e+02 2.149264733432401187e+01 -3.959344711998390665e+01
6.016894870484651436e-02 5.947762734372227023e+00 1.233451766011486761e+01 2.624637043421397266e+03 -4.196805415686980268e+03 8.626689042401081679e+03 -8.946014581731733415e+03 4.550006541836372890e+03 -9.082985668695959021e+02 2.156112603109952985e+01 -3.959344711998390665e+01
5.837880773451722266e-02 5.783981646027012147e+00 1.229019208474966796e+01 2.627239552205431664e+03 -4.208877082900859932e+03 8.648430108580832893e+03 -8.965009021959345773e+03 4.558062900364263442e+03 -9.096284748554597854e+02 2.160578688198206265e+01 -3.959344711998390665e+01
5.710106894628635271e-02 5.751533279332394777e+00 1.227677595492418483e+01 2.638618313733243667e+03 -4.272001509363085461e+03 8.786681836749838112e+03 -9.114335447077131903e+03 4.637577794259133952e+03 -9.263283311922866687e+02 2.163893695137719675e+01 -3.959344711998390665e+01
5.757197512492855107e-02 5.681437653798754539e+00 1.226280763172731447e+01 2.635229463882119489e+03 -4.252789541453654238e+03 8.743943784456232606e+03 -9.067698215517655626e+03 4.612591480758181206e+03 -9.210638163237910021e+02 2.164870448353090282e+01 -3.959344711998390665e+01
5.861694387569488934e-02 5.442049753221105846e+00 1.217626298910203353e+01 2.633799867224680838e+03 -4.246241412635989946e+03 8.732197108895181373e+03 -9.057367874321493218e+03 4.608132428909876580e+03 -9.203080989660053319e+02 2.167641742839912666e+01 -3.959344711998390665e+01
5.372209726850012135e-02 5.611981847231807485e+00 1.223237875059277791e+01 2.630505209514984472e+03 -4.226859728394591912e+03 8.687531067053820152e+03 -9.006906336391324658e+03 4.580171049223018599e+03 -9.142260159505929096e+02 2.175920987085806146e+01 -3.959344711998390665e+01
5.724766444935107390e-02 5.637848760060877318e+00 1.224463364641812113e+01 2.624935541728668341e+03 -4.198379631552081264e+03 8.630288392548432967e+03 -8.950434058157323307e+03 4.552835442371672798e+03 -9.090316663943630147e+02 2.183674995490834903e+01 -3.959344711998390665e+01
5.519543517287569395e-02 5.903136634748431533e+00 1.232522254337009038e+01 2.633281247989832991e+03 -4.241291162694540617e+03 8.717215237355627323e+03 -9.037103644756440190e+03 4.595358798176604978e+03 -9.172462051695347327e+02 2.183972356419430838e+01 -3.959344711998390665e+01
5.667864970320407592e-02 5.764304726895495001e+00 1.228520802640737131e+01 2.626341975942021236e+03 -4.205135208890761533e+03 8.642417395955222673e+03 -8.960262827611160901e+03 4.556151498110852117e+03 -9.092984215377930468e+02 2.184299109078239098e+01 -3.959344711998390665e+01
5.859399953480694950e-02 5.994613774349644153e+00 1.234925402403182915e+01 2.626198011786358165e+03 -4.203203163769854655e+03 8.636159977340803380e+03 -8.951791656314446300e+03 4.550948832540379044e+03 -9.080974472977667347e+02 2.184960171004447460e+01 -3.959344711998390665e+01
5.543792318762787164e-02 5.496697810577980903e+00 1.218959839960434977e+01 2.636957833869105343e+03 -4.261547063221362805e+03 8.761234555508395715e+03 -9.084320017503016061e+03 4.620370492698380076e+03 -9.224809218409974392e+02 2.186286203033229825e+01 -3.959344711998390665e+01
5.965732908804101398e-02 5.879373278203663844e+00 1.231069608811237437e+01 2.616184376309836807e+03 -4.150261484232178191e+03 8.525797769323917237e+03 -8.838359631117697063e+03 4.493436461185546250e+03 -8.965818560209188490e+02 2.187987167881081874e+01 -3.959344711998390665e+01
5.579375494194512008e-02 5.636770885409495335e+00 1.222903536418069947e+01 2.638167324967332206e+03 -4.267822103961925677e+03 8.773915565952293036e+03 -9.096684255486890834e+03 4.626132259134447850e+03 -9.234962857302001566e+02 2.190486376346350639e+01 -3.959344711998390665e+01
5.902998876590861282e-02 5.759122967425349238e+00 1.227240750505398914e+01 2.612199609922350646e+03 -4.129433551932491355e+03 8.482548493943853828e+03 -8.793778226108652234e+03 4.470630037784757405e+03 -8.919518525335117829e+02 2.192426971904237476e+01 -3.959344711998390665e+01
5.996407287610509840e-02 5.694734566358069294e+00 1.224468194031214807e+01 2.625517490854663720e+03 -4.201126229325583154e+03 8.634850904264394558e+03 -8.953355415938976876e+03 4.553097342184716581e+03 -9.087714236845500864e+02 2.195049240416699377e+01 -3.959344711998390665e+01
5.732586600041323505e-02 5.481384891680203708e+00 1.218389989030429277e+01 2.623886190510077085e+03 -4.191437552541490732e+03 8.612811973518784725e+03 -8.929292582211810441e+03 4.540464679533700291e+03 -9.062167598115206602e+02 2.201122264034936649e+01 -3.959344711998390665e+01
5.712299224307323953e-02 5.984815044702645359e+00 1.234075354996383389e+01 2.624131102750510763e+03 -4.194298871301695726e+03 8.621786995299737100e+03 -8.941216042391693918e+03 4.547627374801583755e+03 -9.078193761904738039e+02 2.208833587428708611e+01 -3.959344711998390665e+01
5.567977755977382426e-02 5.689317288728248379e+00 1.225794000205717538e+01 2.635822636305758806e+03 -4.255147681840417135e+03 8.746974385738622004e+03 -9.068562298050832396e+03 4.611725997950877172e+03 -9.205976484321275848e+02 2.210183909038463668e+01 -3.959344711998390665e+01
5.378631000175510685e-02 5.797877472759233264e+00 1.228492727118039873e+01 2.631995772671995383e+03 -4.235686565005856210e+03 8.708030987224408818e+03 -9.030223797863707659e+03 4.593153613390681130e+03 -9.170568114770376269e+02 2.211538915741648026e+01 -3.959344711998390665e+01
5.631340002188350152e-02 5.692928058866213448e+00 1.224257964641789620e+01 2.620766948055048488e+03 -4.175455474296652028e+03 8.580638961219234261e+03 -8.897445600752731480e+03 4.524943441374697613e+03 -9.032347815449588779e+02 2.213984512135808558e+01 -3.959344711998390665e+01
5.653175128574222663e-02 5.697103576260044377e+00 1.226185003230929915e+01 2.634772344219291881e+03 -4.249851722880606758e+03 8.736797559566051859e+03 -9.059337935537754674e+03 4.607837562471438105e+03 -9.200054247212679002e+02 2.214308767272121869e+01 -3.959344711998390665e+01
5.947827949172214412e-02 5.799100865710991037e+00 1.229112565309112348e+01 2.619493618996302757e+03 -4.169132608170769345e+03 8.567869882641418371e+03 -8.884310469506252048e+03 4.518083206648102532e+03 -9.017866084214400644e+02 2.214783009166803396e+01 -3.959344711998390665e+01
5.834390513069141054e-02 5.390221620087087828e+00 1.216240334763717534e+01 2.629671611160757038e+03 -4.221978081336225841e+03 8.676354457011666454e+03 -8.994390585736253342e+03 4.573291743248505554e+03 -9.127347101353331027e+02 2.214798761569326047e+01 -3.959344711998390665e+01
5.415142090097856825e-02 5.835064164359803129e+00 1.229552564096524669e+01 2.632016701761657259e+03 -4.235716576165220431e+03 8.708014840275778624e+03 -9.030208295175996682e+03 4.593180359059148032e+03 -9.170742698560394501e+02 2.215367306290056604e+01 -3.959344711998390665e+01
5.799787265090291383e-02 5.798952560954957036e+00 1.227951101339624351e+01 2.630182197300917778e+03 -4.225937269613558783e+03 8.687424196100122572e+03 -9.008843155290767754e+03 4.582271044253258879e+03 -9.148811905104417974e+02 2.217651151355402916e+01 -3.959344711998390665e+01
5.611498168211876553e-02 5.732235320434706516e+00 1.225933153335139458e+01 2.636826285635468594e+03 -4.262010087070698319e+03 8.764716331017198172e+03 -9.090472234708717224e+03 4.624736628603556710e+03 -9.235855738491835609e+02 2.218155407512981725e+01 -3.959344711998390665e+01
5.647529222224764028e-02 5.531505692594157253e+00 1.220059578688328195e+01 2.629560111976997177e+03 -4.222495121810071396e+03 8.679933955119511666e+03 -9.000820489364785317e+03 4.578016938200049481e+03 -9.139839910996317940e+02 2.220040798843911034e+01 -3.959344711998390665e+01
5.807773856289611542e-02 6.083876534444829787e+00 1.237742674357370376e+01 2.617352568680492823e+03 -4.158108001067131227e+03 8.545568066144251134e+03 -8.862063748928710993e+03 4.507083686278216192e+03 -8.996204313137085364e+02 2.226309441450577609e+01 -3.959344711998390665e+01
5.625259369115380437e-02 5.653144306758891346e+00 1.224225035312451126e+01 2.640517374824830313e+03 -4.281033405361696168e+03 8.803404390345824140e+03 -9.129371034331694318e+03 4.644126054132119862e+03 -9.274287584174841186e+02 2.228381758465509321e+01 -3.959344711998390665e+01
5.753756861714892645e-02 5.680561699056381642e+00 1.225279027132493326e+01 2.629530056213225635e+03 -4.222445681097337911e+03 8.679956511271086129e+03 -9.000852091464494151e+03 4.577969925304394565e+03 -9.139478876696332463e+02 2.237364099826378450e+01 -3.959344711998390665e+01
5.644107655645759503e-02 5.884719551369284929e+00 1.230663811101088534e+01 2.627465506326685045e+03 -4.212749168645626924e+03 8.662292579036640745e+03 -8.985311889103091744e+03 4.571423734022801000e+03 -9.129072850436492672e+02 2.242619816941133237e+01 -3.959344711998390665e+01
5.746721333610142063e-02 5.560086680341440157e+00 1.220754689731400511e+01 2.632788305164869598e+03 -4.238608174408240302e+03 8.711640404276729896e+03 -9.031611408420776570e+03 4.592817562536560217e+03 -9.168119697995346087e+02 2.247030212503170787e+01 -3.959344711998390665e+01
5.812341605182380633e-02 5.701501999219158456e+00 1.225559334685019230e+01 2.623166898247713107e+03 -4.189182948332201704e+03 8.610905166836560966e+03 -8.929685138441613162e+03 4.541566525614332022e+03 -9.065570374321438294e+02 2.249984579406809360e+01 -3.959344711998390665e+01
5.688966980815955005e-02 5.812100739588964338e+00 1.230194476027495654e+01 2.620920222806599213e+03 -4.175525211361547008e+03 8.578804878053006178e+03 -8.893087758666937589e+03 4.521282756677216639e+03 -9.021788552972451498e+02 2.254312573769984596e+01 -3.959344711998390665e+01
5.808945150380086242e-02 5.780297677146156055e+00 1.228035523928454786e+01 2.623107398556275257e+03 -4.187762910559891679e+03 8.606142200943450007e+03 -8.923458338013750108e+03 4.537985500395267081e+03 -9.058015335638460783e+02 2.254920152428139701e+01 -3.959344711998390665e+01
5.812023795406253551e-02 5.705563481584227326e+00 1.225882387309606614e+01 2.629111757387706348e+03 -4.220617946846002269e+03 8.676914791552369934e+03 -8.998515763931160109e+03 4.577217354992002583e+03 -9.138978956339745991e+02 2.255730145610588977e+01 -3.959344711998390665e+01
5.992380078494503187e-02 5.955174550608106188e+00 1.233941115116295606e+01 2.617512560522449803e+03 -4.158000046990498959e+03 8.542966228737355777e+03 -8.856599663272401813e+03 4.502751386080733937e+03 -8.984153832876966135e+02 2.260809338690756221e+01 -3.959344711998390665e+01
5.522378589665134785e-02 5.609547438360007909e+00 1.221570622496448344e+01 2.636778924067125445e+03 -4.262012112574793719e+03 8.765276240344330290e+03 -9.091693626677601060e+03 4.625738495000815419e+03 -9.238768537835782126e+02 2.265783489582755550e+01 -3.959344711998390665e+01
5.682044906060332301e-02 5.556298376006228779e+00 1.220586128327737363e+01 2.625175959897444500e+03 -4.197355164725843679e+03 8.623161345750126202e+03 -8.937776652224278223e+03 4.543626218674960910e+03 -9.066145444594826586e+02 2.267103405985684716e+01 -3.959344711998390665e+01
5.717580469776512020e-02 5.724839982520365744e+00 1.227137834325838028e+01 2.621495611449335229e+03 -4.178864859355161570e+03 8.586573345999360754e+03 -8.902051722680038438e+03 4.526354521351154290e+03 -9.032931662510619617e+02 2.269316920451441177e+01 -3.959344711998390665e+01
5.579412922451572332e-02 5.763798527880913625e+00 1.228626706737614072e+01 2.625127013733051626e+03 -4.196930790308763790e+03 8.621648991497026145e+03 -8.935220684593854457e+03 4.541613400041163914e+03 -9.060232257499528714e+02 2.270135151327308520e+01 -3.959344711998390665e+01
5.564664902244303990e-02 5.907015210409639394e+00 1.232922019956172122e+01 2.627923421065513139e+03 -4.212772711966736097e+03 8.656987045301641047e+03 -8.974037286795399268e+03 4.562628191699830495e+03 -9.105123247748983886e+02 2.270671477452770404e+01 -3.959344711998390665e+01
5.775597138093194194e-02 5.634237801112349509e+00 1.223564437150594131e+01 2.622180701105863136e+03 -4.183149700403319912e+03 8.596920379896631857e+03 -8.914153861400560345e+03 4.533244680256602805e+03 -9.048301696447452969e+02 2.270966253794470902e+01 -3.959344711998390665e+01
5.691084447803347601e-02 5.612477657196054182e+00 1.223024933255034874e+01 2.637242857816953801e+03 -4.262866855685902010e+03 8.763316153393805507e+03 -9.085390896125454674e+03 4.620146229866179965e+03 -9.222352001085579332e+02 2.271464383543757037e+01 -3.959344711998390665e+01
5.497996779356833369e-02 5.733710450268032943e+00 1.226464021121489978e+01 2.628507258462742811e+03 -4.215940782829356976e+03 8.664103248916509983e+03 -8.982284399715817926e+03 4.567506048314139662e+03 -9.116745649325287104e+02 2.274454773783309491e+01 -3.959344711998390665e+01
5.552042975123049756e-02 5.558622801806071934e+00 1.220635727141964644e+01 2.630596349293876301e+03 -4.228501292357158491e+03 8.693453029109270574e+03 -9.015573489448815963e+03 4.585837105694567981e+03 -9.156001487598813355e+02 2.274898449877455064e+01 -3.959344711998390665e+01
5.877476139241995245e-02 5.748560340495640908e+00 1.225995454612411883e+01 2.629031238577244949e+03 -4.221219261536073645e+03 8.680301993351853525e+03 -9.004130258593095277e+03 4.581088210444122524e+03 -9.148594398619376307e+02 2.275189928505518466e+01 -3.959344711998390665e+01
5.824096751953067308e-02 5.780427060958041707e+00 1.228821667270972817e+01 2.630143776255216835e+03 -4.226339412467414149e+03 8.689389593540900023e+03 -9.011842484121745656e+03 4.584174268962119640e+03 -9.153120729770598700e+02 2.276332202380664782e+01 -3.959344711998390665e+01
5.620080318796179253e-02 5.975905545692373089e+00 1.233409892115141382e+01 2.618477908521341760e+03 -4.164108412037874587e+03 8.558236660094948093e+03 -8.875337627469189101e+03 4.513999319467865462e+03 -9.010537483410136019e+02 2.276934844331366392e+01 -3.959344711998390665e+01
5.745251321593382310e-02 5.612091420043197942e+00 1.222029069644169574e+01 2.636655611394250627e+03 -4.262014834068942037e+03 8.766656653048632506e+03 -9.094523813101164706e+03 4.627878706101564603e+03 -9.244414329504959369e+02 2.277621634397352324e+01 -3.959344711998390665e+01
5.740521480563781642e-02 5.504848094148318438e+00 1.218824068970523022e+01 2.638917626640772141e+03 -4.273811346765421149e+03 8.790940118393345983e+03 -9.119178886569467068e+03 4.640225594355499197e+03 -9.268824958329596484e+02 2.278599492156710227e+01 -3.959344711998390665e+01
5.702437677928939852e-02 5.741544940698246613e+00 1.226412494709657786e+01 2.619407482612260083e+03 -4.168126331156226115e+03 8.564436550867712867e+03 -8.879156459636420550e+03 4.514482544704159409e+03 -9.008294841942762332e+02 2.280792495476963921e+01 -3.959344711998390665e+01
5.551005916315650268e-02 5.529182063576123518e+00 1.219933926004396696e+01 2.637881637096437316e+03 -4.265556272236338373e+03 8.767958899071016276e+03 -9.089713972032399397e+03 4.622405819944128780e+03 -9.227611596090038120e+02 2.281571376186471767e+01 -3.959344711998390665e+01
5.632306497664130163e-02 5.502479033063399250e+00 1.219398944280886177e+01 2.634214607103338039e+03 -4.245885332423591535e+03 8.726085428326992769e+03 -9.045479217743471963e+03 4.599217038146300183e+03 -9.179374283354396766e+02 2.286958224092836289e+01 -3.959344711998390665e+01
5.670399868467668886e-02 5.673036712819957472e+00 1.225542627251228289e+01 2.624016130974381213e+03 -4.190972163274141167e+03 8.609163412976402469e+03 -8.922429923740748563e+03 4.535197411997194649e+03 -9.047609247752908459e+02 2.288816410872013307e+01 -3.959344711998390665e+01
5.799155116527855008e-02 5.796416624222557878e+00 1.228587275402427181e+01 2.621883773012837537e+03 -4.183259324613916760e+03 8.600490153546710644e+03 -8.921097185766444454e+03 4.538343196897241796e+03 -9.061483199788601723e+02 2.289937515576039928e+01 -3.959344711998390665e+01
5.506803698934648744e-02 5.639892079943314762e+00 1.223152246376196928e+01 2.633411478539750988e+03 -4.243571834000635135e+03 8.725397993994145509e+03 -9.049122008434860618e+03 4.603306882641024458e+03 -9.192111262711802055e+02 2.291962419895367731e+01 -3.959344711998390665e+01
5.831697807209913070e-02 5.691683372599841029e+00 1.224822933640749056e+01 2.630521481232941369e+03 -4.227510892708869505e+03 8.690173652981458872e+03 -9.011103589000029388e+03 4.583145264929885343e+03 -9.150097297550075837e+02 2.293588523411757762e+01 -3.959344711998390665e+01
5.613630816106982696e-02 5.856890957125637343e+00 1.229907046326085052e+01 2.620699211319761616e+03 -4.173490899329342938e+03 8.572865990004240302e+03 -8.885376027864616844e+03 4.516630696924856238e+03 -9.011112587068386119e+02 2.294902312193350369e+01 -3.959344711998390665e+01
5.805858072617844923e-02 5.905970832854672281e+00 1.232628684012036224e+01 2.619366124846501407e+03 -4.168932480448498609e+03 8.568306053102727674e+03 -8.885412911356477707e+03 4.518812660783104548e+03 -9.019272806135902556e+02 2.298139436267290847e+01 -3.959344711998390665e+01
5.561006661670074569e-02 5.723539666408875348e+00 1.225437248408089630e+01 2.630978828395249820e+03 -4.230376329391527179e+03 8.696899228941952970e+03 -9.018541704652061526e+03 4.587029540979026933e+03 -9.157767691693919687e+02 2.299856057980725055e+01 -3.959344711998390665e+01
5.465832918804147678e-02 5.586054052746050935e+00 1.221985945378391314e+01 2.632095949844926054e+03 -4.236203551640491241e+03 8.709434956646180581e+03 -9.032391387965019021e+03 4.594820199517645960e+03 -9.175426967513617456e+02 2.303422227708086467e+01 -3.959344711998390665e+01
5.572345155273316503e-02 5.622714958229622972e+00 1.222657892907638910e+01 2.625135737242700543e+03 -4.197680960266459806e+03 8.624945157770480364e+03 -8.940710222813424480e+03 4.545654193111664426e+03 -9.071270225362744668e+02 2.304007119459050656e+01 -3.959344711998390665e+01
5.884681712713809437e-02 5.764351060979860719e+00 1.228508554777371486e+01 2.626340996486586846e+03 -4.205135717126089730e+03 8.642417292278289096e+03 -8.960262569273276313e+03 4.556152096547682049e+03 -9.092974866116649082e+02 2.308604244470022593e+01 -3.959344711998390665e+01
5.824065927185198555e-02 5.554053629269507297e+00 1.221724967786244598e+01 2.624871182302042598e+03 -4.198271503666390345e+03 8.630335787354055356e+03 -8.950503305816118882e+03 4.552734645705235380e+03 -9.089531400390811768e+02 2.310000413484569748e+01 -3.959344711998390665e+01
5.769035948164579625e-02 5.867154812427433086e+00 1.231403076492893156e+01 2.629287696842315654e+03 -4.219871280046044376e+03 8.671625235183415498e+03 -8.988976840535748124e+03 4.570153261746034332e+03 -9.120045771362562164e+02 2.315514015346213483e+01 -3.959344711998390665e+01
5.807581063232097190e-02 5.887291104277453613e+00 1.231736142255545019e+01 2.627893547293395386e+03 -4.213241990407720550e+03 8.659460210610974173e+03 -8.978283663596610495e+03 4.565710547163314914e+03 -9.113230167206658052e+02 2.316864742558949075e+01 -3.959344711998390665e+01
5.626591122053253152e-02 5.888789093309959810e+00 1.232274144097806889e+01 2.624053129794672714e+03 -4.191981800330868282e+03 8.612845510349026881e+03 -8.927695790554025734e+03 4.538541802533397458e+03 -9.055497067693039526e+02 2.321030812547692435e+01 -3.959344711998390665e+01
5.877237379955282948e-02 5.849901005971920753e+00 1.230640567616561754e+01 2.617491638224291819e+03 -4.156904364391134550e+03 8.538907293965481585e+03 -8.850957083507501011e+03 4.499348817775146017e+03 -8.976694176201768869e+02 2.321072740717502825e+01 -3.959344711998390665e+01
5.655798708540558245e-02 5.845839013238747661e+00 1.228817520442296107e+01 2.621683010470367662e+03 -4.181142594530018869e+03 8.594152914367754420e+03 -8.912890460460366739e+03 4.533462947601353335e+03 -9.050529766707852559e+02 2.321714014086993672e+01 -3.959344711998390665e+01
5.633585622984301627e-02 5.563631877210760912e+00 1.221736017232169758e+01 2.640002095025487506e+03 -4.278438283261580182e+03 8.798387822877504732e+03 -9.124730622234714247e+03 4.642075299872793039e+03 -9.270828804390113191e+02 2.323504429220590950e+01 -3.959344711998390665e+01
5.924516346330277461e-02 5.703311976351359114e+00 1.226007507788133566e+01 2.625986911549280649e+03 -4.203970578972480325e+03 8.641597951210222163e+03 -8.961185693624780470e+03 4.557555888549676638e+03 -9.097714637860029825e+02 2.325070729000752934e+01 -3.959344711998390665e+01
5.830106635171374702e-02 5.631781578703883184e+00 1.223610564795614231e+01 2.630670149429859521e+03 -4.229042526315312898e+03 8.694934604062031212e+03 -9.017569621048918634e+03 4.587163693560569300e+03 -9.159446487401988861e+02 2.325948662803903133e+01 -3.959344711998390665e+01
5.621938942146936097e-02 5.740701538687510208e+00 1.226676694851023264e+01 2.633023234253189457e+03 -4.241906647415766201e+03 8.722602612454604241e+03 -9.046859854069900393e+03 4.602450241025672767e+03 -9.190959461956441601e+02 2.326807810323878556e+01 -3.959344711998390665e+01
5.947687070170191298e-02 5.634031540039813990e+00 1.222564771655138038e+01 2.625490607297149381e+03 -4.200958536182669377e+03 8.634629960140846379e+03 -8.953460973989640479e+03 4.553423566641406978e+03 -9.089113300411499949e+02 2.327147560844558427e+01 -3.959344711998390665e+01
5.518984365023682503e-02 5.594921549012803474e+00 1.221356840686051193e+01 2.631549090387056367e+03 -4.233177597573085222e+03 8.702505183820234379e+03 -9.024317127746966435e+03 4.590110954454256898e+03 -9.164557164513722682e+02 2.327404267609730226e+01 -3.959344711998390665e+01
5.765653443272401868e-02 6.016314592644223858e+00 1.235958927548349529e+01 2.624753088710796874e+03 -4.196818790454180089e+03 8.625360248054623298e+03 -8.943160278873288917e+03 4.547774507237259058e+03 -9.076936333226157103e+02 2.329387752451869531e+01 -3.959344711998390665e+01
5.861259154434720481e-02 5.700884650280789501e+00 1.225402149990800282e+01 2.630252167818560793e+03 -4.226275334455238408e+03 8.687745527758166645e+03 -9.008394590606452766e+03 4.581432545346661755e+03 -9.145465424049792773e+02 2.330731679965428071e+01 -3.959344711998390665e+01
5.653787827110842018e-02 5.740647905010753504e+00 1.227581766091327253e+01 2.626236183090515169e+03 -4.205793318341319718e+03 8.646637910891911815e+03 -8.967844278531843884e+03 4.561783924232561731e+03 -9.108083150244643775e+02 2.340071558870796053e+01 -3.959344711998390665e+01
5.515122013823131608e-02 5.652642011256056698e+00 1.224334146192993522e+01 2.629876300841673583e+03 -4.225390947435004819e+03 8.688506328721579848e+03 -9.012190220970576775e+03 4.585053360903961220e+03 -9.156436978156749547e+02 2.342433307284381527e+01 -3.959344711998390665e+01
5.752782859552157263e-02 5.480790684873618090e+00 1.218835484821634196e+01 2.631123332509210741e+03 -4.231103004542138478e+03 8.698663832152327814e+03 -9.020943922777307307e+03 4.588695793285670334e+03 -9.162243875069227670e+02 2.345193534292266690e+01 -3.959344711998390665e+01
5.954763727118297933e-02 5.633002151094697041e+00 1.223562599322758082e+01 2.626765727614978005e+03 -4.208147540553889485e+03 8.650604306880164586e+03 -8.970926913063267421e+03 4.562817901977910878e+03 -9.109016919305892088e+02 2.347653895474843466e+01 -3.959344711998390665e+01
5.679953017673255306e-02 5.781746929169089277e+00 1.229088853677827231e+01 2.631455295360550735e+03 -4.232265233749893923e+03 8.699353042856300817e+03 -9.019342514599122296e+03 4.586458511062775870e+03 -9.154451908305356937e+02 2.348796704671000057e+01 -3.959344711998390665e+01
5.510845717933001570e-02 5.797557603838296103e+00 1.228210418767451273e+01 2.627204618582336934e+03 -4.208921763650980211e+03 8.649003040291787329e+03 -8.966027004132289221e+03 4.558741550998847742e+03 -9.097849890934437553e+02 2.350643756524102201e+01 -3.959344711998390665e+01
5.784117117768879102e-02 6.021059773593925968e+00 1.235136977711459494e+01 2.621757298376409381e+03 -4.181241080546169542e+03 8.593548791343888297e+03 -8.911228577999976551e+03 4.531989523667016329e+03 -9.046134766561793867e+02 2.361512311415249243e+01 -3.959344711998390665e+01
5.639577728881575019e-02 6.025276202716391083e+00 1.236669456599415362e+01 2.620961107952431576e+03 -4.177056546018806330e+03 8.584802541074368492e+03 -8.902165117904938597e+03 4.527348657787728371e+03 -9.036767745686917124e+02 2.362561680320761681e+01 -3.959344711998390665e+01
5.688592168340741301e-02 5.797491066035465046e+00 1.228395720818764048e+01 2.627788537708513104e+03 -4.213690289942284835e+03 8.662595088475027296e+03 -8.983874255794840792e+03 4.569803275618532098e+03 -9.124072467667623414e+02 2.367214205520118853e+01 -3.959344711998390665e+01
5.612998169176738189e-02 5.657890763778481436e+00 1.225451614615267992e+01 2.629016985944970656e+03 -4.218748884335659568e+03 8.670293321022250893e+03 -8.989026036328927148e+03 4.571091819014459361e+03 -9.124128135056776046e+02 2.370184276309604954e+01 -3.959344711998390665e+01
5.708723202077927578e-02 5.854997661131324804e+00 1.231474347745571407e+01 2.623089798548022827e+03 -4.188918743099091444e+03 8.611062098811218675e+03 -8.931004945261172907e+03 4.543043666502269843e+03 -9.070577387964603986e+02 2.375160732520858531e+01 -3.959344711998390665e+01
5.864155001349903584e-02 5.714687925683939795e+00 1.226345653228902854e+01 2.626222949323846478e+03 -4.204260802378808876e+03 8.640667020481454529e+03 -8.959155673245189973e+03 4.556236813909513330e+03 -9.094961815956177134e+02 2.383273435007312457e+01 -3.959344711998390665e+01
5.831210841260792144e-02 5.697883639963876590e+00 1.225678470996081160e+01 2.623440562936681545e+03 -4.189415225262756394e+03 8.609327587279651198e+03 -8.926428476121001950e+03 4.539320777652436846e+03 -9.060317443208193708e+02 2.389052163901058634e+01 -3.959344711998390665e+01
5.652524886950953398e-02 5.854752103586642775e+00 1.230412780397813854e+01 2.614467113726728712e+03 -4.140945894509308346e+03 8.505612998076983786e+03 -8.816568373785168660e+03 4.481738170428449848e+03 -8.940887391326485840e+02 2.391798009708536199e+01 -3.959344711998390665e+01
5.803079638119307965e-02 5.729254594353279550e+00 1.226615038220352893e+01 2.629118430839179382e+03 -4.220628254982683757e+03 8.676910054874801062e+03 -8.998509383154310854e+03 4.577227006186451035e+03 -9.139048359825194439e+02 2.393083672213782620e+01 -3.959344711998390665e+01
5.622554730629743952e-02 5.485710094379340873e+00 1.218533148338503125e+01 2.635520049109488355e+03 -4.253941458100159252e+03 8.745205182700581645e+03 -9.067436508211567343e+03 4.611470583803299633e+03 -9.206036530955791477e+02 2.393174856227270553e+01 -3.959344711998390665e+01
5.712801964361168688e-02 5.715055479123666515e+00 1.226976696170747516e+01 2.629284882621270299e+03 -4.221194322852697042e+03 8.677577124240964622e+03 -8.998777388399974370e+03 4.577177601272384891e+03 -9.138554166634783087e+02 2.394137612297178208e+01 -3.959344711998390665e+01
5.761934658986948843e-02 5.708866813792092820e+00 1.226134188061068642e+01 2.633537711325442615e+03 -4.243524774054702903e+03 8.723884831157838562e+03 -9.046236162502626030e+03 4.601243666449662669e+03 -9.186915826638417002e+02 2.395803327839549013e+01 -3.959344711998390665e+01
5.903263626037163342e-02 5.822051981507462948e+00 1.229136982279683643e+01 2.627493392511260026e+03 -4.211468271305805501e+03 8.656546543008740628e+03 -8.976137872615719971e+03 4.565055858817054286e+03 -9.112769412706700223e+02 2.398267768622405072e+01 -3.959344711998390665e+01
5.672420387249919177e-02 5.680815144666982341e+00 1.225159719434532057e+01 2.627741985731459863e+03 -4.213406554803232211e+03 8.662200879440242716e+03 -8.983960782419348106e+03 4.570228049885417022e+03 -9.125917723557848831e+02 2.400008658748438606e+01 -3.959344711998390665e+01
5.603853531361317059e-02 5.682976055441114838e+00 1.225686985162902154e+01 2.632756988004585310e+03 -4.240398476092635974e+03 8.719548963460312734e+03 -9.044092164323214092e+03 4.601353185181942536e+03 -9.189562793329057513e+02 2.400048656556523241e+01 -3.959344711998390665e+01
5.693851354615060006e-02 5.702338530029602559e+00 1.226328777491721311e+01 2.622264842431709894e+03 -4.183645406252329849e+03 8.598010542072541284e+03 -8.915259410130767719e+03 4.533746160097432039e+03 -9.049042532415426194e+02 2.401390008735436865e+01 -3.959344711998390665e+01
5.683698810508554244e-02 5.463469672994905935e+00 1.218696727089987242e+01 2.636354160756376132e+03 -4.258314146801246352e+03 8.754310353168850270e+03 -9.076874444586255777e+03 4.616346587208957317e+03 -9.216083959660426217e+02 2.403910521214650231e+01 -3.959344711998390665e+01
5.606129978844428402e-02 5.653577953725217320e+00 1.224162568130108397e+01 2.627080814288027796e+03 -4.207751495270515079e+03 8.645502767165413388e+03 -8.961395051172765307e+03 4.555903619209558201e+03 -9.091244073166714088e+02 2.404026039885449961e+01 -3.959344711998390665e+01
5.817655165529134198e-02 5.838249731844873835e+00 1.229980973615386652e+01 2.618632063919482789e+03 -4.162810557421007616e+03 8.550867818829812677e+03 -8.862744261888086839e+03 4.504973328200983815e+03 -8.987026144120785602e+02 2.405890850613462106e+01 -3.959344711998390665e+01
5.774423618522269569e-02 5.774829343215664323e+00 1.227297159905220880e+01 2.625289863980461632e+03 -4.197967064417642177e+03 8.624352035349738799e+03 -8.938760342807296183e+03 4.543908245558759518e+03 -9.066066921564012091e+02 2.406340264517533711e+01 -3.959344711998390665e+01
5.772166943878394296e-02 5.553758693951679426e+00 1.221175191817760286e+01 2.627190025582117414e+03 -4.209878129196104965e+03 8.653363005286853877e+03 -8.973147418829743401e+03 4.563766793127104393e+03 -9.110819129959025986e+02 2.407666727206916590e+01 -3.959344711998390665e+01
5.932490751263899686e-02 5.885647507921206056e+00 1.231683319212698713e+01 2.618553159791664712e+03 -4.164098342464504640e+03 8.557273185618327261e+03 -8.873304217210137722e+03 4.512412435499944877e+03 -9.006228784471265953e+02 2.407699646543638750e+01 -3.959344711998390665e+01
5.778754170920106376e-02 6.008858089023396687e+00 1.236025428440204443e+01 2.616116664957930880e+03 -4.149849179246587482e+03 8.524518075768968629e+03 -8.836284027068015348e+03 4.491829333611966831e+03 -8.961164337853418829e+02 2.410072598289597323e+01 -3.959344711998390665e+01
5.892121221679497839e-02 5.796222852662997305e+00 1.229159768497652117e+01 2.619804257506564682e+03 -4.169240947385013897e+03 8.564708464375014955e+03 -8.877354059382380001e+03 4.512542389005430778e+03 -9.002452088861811035e+02 2.410721525962279443e+01 -3.959344711998390665e+01
5.668328465006582106e-02 5.605618161777248254e+00 1.222834818875078966e+01 2.632287568903956981e+03 -4.237528000543475173e+03 8.712540838144206646e+03 -9.035630247367433185e+03 4.596328760579780464e+03 -9.177871236818743910e+02 2.411251103508357829e+01 -3.959344711998390665e+01
5.672918301450743939e-02 5.456701183126021704e+00 1.217857204550850980e+01 2.637959361087657726e+03 -4.266941672649963948e+03 8.772648593226798766e+03 -9.096135156767519220e+03 4.626340553861437911e+03 -9.236577989032516598e+02 2.411438633054167369e+01 -3.959344711998390665e+01
5.719820647528432028e-02 5.864581229646616656e+00 1.230812839434358530e+01 2.618010958619723169e+03 -4.160699244797501706e+03 8.548861685942991244e+03 -8.863041533705967595e+03 4.506248394825066498e+03 -8.991668038397351665e+02 2.411559772962499437e+01 -3.959344711998390665e+01
5.612950389068322582e-02 5.690184365054469673e+00 1.224935089667841126e+01 2.636412150287401346e+03 -4.259171452921252239e+03 8.757405389261930395e+03 -9.081558581147672157e+03 4.619565006241177798e+03 -9.224382812426699729e+02 2.415067212679272046e+01 -3.959344711998390665e+01
5.858651403109103872e-02 5.764441336509584346e+00 1.227404583796618098e+01 2.619476147544479772e+03 -4.168819787207509762e+03 8.566818940921541071e+03 -8.882848127228160592e+03 4.517146542064584537e+03 -9.015580379415279140e+02 2.415399257288688162e+01 -3.959344711998390665e+01
5.526435685635543854e-02 5.816264459419531185e+00 1.228748638098219281e+01 2.626813790130440793e+03 -4.207625191832198652e+03 8.648001968849883269e+03 -8.966841187903883110e+03 4.560130054048910097e+03 -9.102649589136282202e+02 2.418730810245035912e+01 -3.959344711998390665e+01
5.656964743475435820e-02 5.500145574084266187e+00 1.219514192836858690e+01 2.627616890027901718e+03 -4.211557614299708803e+03 8.655604781924672352e+03 -8.974113049026898807e+03 4.563572993360328837e+03 -9.109083507323292679e+02 2.422835147172289894e+01 -3.959344711998390665e+01
5.794160739065994797e-02 5.982302956097635516e+00 1.234573985409743457e+01 2.615898831839566355e+03 -4.149234702375169945e+03 8.524298639818951415e+03 -8.837107114722724873e+03 4.492768325378501686e+03 -8.964094709256548867e+02 2.427385010225454920e+01 -3.959344711998390665e+01
5.884997345329020385e-02 5.774019595350265988e+00 1.228798421286496634e+01 2.621619908297385336e+03 -4.179844129750224965e+03 8.589186102223575290e+03 -8.905230834023413991e+03 4.528184736591297224e+03 -9.037006172629573939e+02 2.429016087679575975e+01 -3.959344711998390665e+01
5.823196655567430130e-02 5.870056885828647708e+00 1.230569145652146013e+01 2.618437559436391894e+03 -4.164001841174954279e+03 8.558147495595520013e+03 -8.875274594699696536e+03 4.513924809207769613e+03 -9.010199460298124450e+02 2.430324538914078047e+01 -3.959344711998390665e+01
5.731452490216763784e-02 5.894251082466302805e+00 1.232123157908004352e+01 2.620468259125573240e+03 -4.174045315030883103e+03 8.577908406515633033e+03 -8.894664870505663202e+03 4.523428940187316584e+03 -9.028828466285134482e+02 2.430551439993923069e+01 -3.959344711998390665e+01
5.861113674516473665e-02 5.628045755190955290e+00 1.222706993943299203e+01 2.626358285364032781e+03 -4.206060316417847389e+03 8.646540042996713964e+03 -8.967205221570160575e+03 4.561250768460678046e+03 -9.106700187421832879e+02 2.436279249079244380e+01 -3.959344711998390665e+01
5.696872941131830848e-02 5.856196381859076538e+00 1.230451787853498047e+01 2.620042110118193250e+03 -4.171272554990440767e+03 8.570764588610301871e+03 -8.885637282266616239e+03 4.517871024059569208e+03 -9.015543981065035268e+02 2.436853581325011220e+01 -3.959344711998390665e+01
5.676310634879053185e-02 5.881297752150940639e+00 1.231627753657164881e+01 2.628152018592960758e+03 -4.213894385503936064e+03 8.659166767919026825e+03 -8.976103509479980858e+03 4.563562631567188873e+03 -9.106687049146182744e+02 2.436983229614273938e+01 -3.959344711998390665e+01
5.884136505924607990e-02 5.885157676645152769e+00 1.231664996219740438e+01 2.618552273554020303e+03 -4.164096638939367040e+03 8.557273952839595950e+03 -8.873305257255693505e+03 4.512410841485757373e+03 -9.006218803786983926e+02 2.441041244107165653e+01 -3.959344711998390665e+01
5.780813392870431250e-02 5.681234919399474670e+00 1.224900555720415518e+01 2.627791150151288093e+03 -4.211781198531542941e+03 8.654401194273812507e+03 -8.970923056530420581e+03 4.560839004888484851e+03 -9.101115174698636565e+02 2.443923565216560689e+01 -3.959344711998390665e+01
5.796373823969112882e-02 5.791101580815259275e+00 1.228508015593979685e+01 2.616180935902168130e+03 -4.151519233642045037e+03 8.530860920531669763e+03 -8.845855719593077083e+03 4.498294766908171368e+03 -8.977471378669090427e+02 2.447786626854352932e+01 -3.959344711998390665e+01
5.679589679117658108e-02 5.652249955606566623e+00 1.223650033851935071e+01 2.626187636955288326e+03 -4.204488444996574799e+03 8.641569138711318374e+03 -8.960075385820755400e+03 4.556491027642263361e+03 -9.094687263720460351e+02 2.449689278353226385e+01 -3.959344711998390665e+01
5.860460481231576091e-02 5.662271368295177965e+00 1.224663493826811766e+01 2.627256451881529301e+03 -4.209703334918702240e+03 8.651924425067205448e+03 -8.970601009099385919e+03 4.561966282377001335e+03 -9.106280288349917100e+02 2.452235573715984884e+01 -3.959344711998390665e+01
5.803915760147634884e-02 5.628084017592855481e+00 1.222692304683579323e+01 2.630677678936378015e+03 -4.227737433249581045e+03 8.689111490469989803e+03 -9.008065033827897423e+03 4.580397513927819091e+03 -9.141703288814560437e+02 2.453893012558324926e+01 -3.959344711998390665e+01
5.879871436516900807e-02 5.607344831137766938e+00 1.221908969436715964e+01 2.627928783464637490e+03 -4.213910586660670560e+03 8.661784909169984530e+03 -8.981550734784048473e+03 4.567769332181588652e+03 -9.118080707055057701e+02 2.456623065437539921e+01 -3.959344711998390665e+01
5.833761684304782785e-02 5.919868240139614990e+00 1.232711480628360157e+01 2.617415274748142110e+03 -4.157228423510361608e+03 8.541280801745740973e+03 -8.855262815565947676e+03 4.502507176654986324e+03 -8.984971422198657365e+02 2.459142593993353643e+01 -3.959344711998390665e+01
5.811958584487288831e-02 5.874391536996704133e+00 1.231203439495201835e+01 2.623402718947615085e+03 -4.189354037537560544e+03 8.609355800294915753e+03 -8.926466166883132246e+03 4.539264563421585081e+03 -9.059895463041546009e+02 2.459578662821073536e+01 -3.959344711998390665e+01
5.850614976702937786e-02 5.554698592355416409e+00 1.220957056761863413e+01 2.629656255890065040e+03 -4.222971082118995582e+03 8.680535970870341771e+03 -9.000690228891595325e+03 4.577408576171087589e+03 -9.137262151675149653e+02 2.461767841113605826e+01 -3.959344711998390665e+01
5.741713544013406917e-02 5.797822456884897058e+00 1.229129942097084971e+01 2.624439111092314761e+03 -4.193567932908666080e+03 8.615383537345887817e+03 -8.929731177297351678e+03 4.539413307093811454e+03 -9.057205612386011353e+02 2.463592828669372992e+01 -3.959344711998390665e+01
5.837892181650045087e-02 5.814705951320772392e+00 1.229883950679376170e+01 2.622291747267565370e+03 -4.183216104996225113e+03 8.595978389202171456e+03 -8.912101947657023629e+03 4.531672620624044612e+03 -9.044113691557998891e+02 2.465452784728904945e+01 -3.959344711998390665e+01
5.801517894028802858e-02 5.598073730644768986e+00 1.222397080544303805e+01 2.631430707910049478e+03 -4.232744415058316008e+03 8.702107819041566472e+03 -9.024480296285923032e+03 4.590476230938965273e+03 -9.165776092719872850e+02 2.473968879477021332e+01 -3.959344711998390665e+01
5.612784867814825385e-02 5.667539660619639541e+00 1.224160565925648747e+01 2.632253107697302767e+03 -4.236577310757752457e+03 8.709098545021759492e+03 -9.030715923950298020e+03 4.593194868324369054e+03 -9.170402033234929604e+02 2.477628598140526606e+01 -3.959344711998390665e+01
5.557902997205564632e-02 5.607115211676240385e+00 1.222331966095034872e+01 2.633249309989396806e+03 -4.242880691283533451e+03 8.724341814635638002e+03 -9.048479567621330716e+03 4.603226189486637850e+03 -9.192449864386412628e+02 2.482899691862529323e+01 -3.959344711998390665e+01
5.811722542722894819e-02 5.776220122277793578e+00 1.228728589318822451e+01 2.627064030902569357e+03 -4.209053089440692929e+03 8.651208947757986607e+03 -8.970360138155388995e+03 4.561994602595833385e+03 -9.106418517858191990e+02 2.482902695141045868e+01 -3.959344711998390665e+01
5.561531929388579404e-02 5.773349924418841539e+00 1.228607959224680179e+01 2.628488834111842152e+03 -4.216012022996382257e+03 8.664520394695646246e+03 -8.982832606224519623e+03 4.567726064460563975e+03 -9.116767375138844045e+02 2.492857055099194241e+01 -3.959344711998390665e+01
5.675507779705439571e-02 5.683644051865821112e+00 1.225313757548461169e+01 2.622159578526798214e+03 -4.182587595815560235e+03 8.594940541401398150e+03 -8.911488806796716744e+03 4.531702947070607479e+03 -9.045110061954005687e+02 2.497637468558601270e+01 -3.959344711998390665e+01
5.657509406342953184e-02 5.705757099730441873e+00 1.226616075518419358e+01 2.625218936546781606e+03 -4.198391290417241180e+03 8.627049370787948646e+03 -8.943534148989509049e+03 4.547406936519479132e+03 -9.075342772088972652e+02 2.506723793638990117e+01 -3.959344711998390665e+01
5.728577875485095505e-02 5.832303905807663114e+00 1.229035145288046671e+01 2.621250782473774052e+03 -4.177909700175167018e+03 8.585078232745732748e+03 -8.900797015654938150e+03 4.525758528530911462e+03 -9.031663316780106925e+02 2.509168043037135121e+01 -3.959344711998390665e+01
5.719476412607669286e-02 5.621108249945863555e+00 1.222712417449534428e+01 2.630061380761225792e+03 -4.224993713746329377e+03 8.684775625074484196e+03 -9.005340784331097893e+03 4.580042992408258215e+03 -9.143316992252733826e+02 2.514977870303006569e+01 -3.959344711998390665e+01
5.732913539977758238e-02 5.697597789684572867e+00 1.224949264241176294e+01 2.631882145243119794e+03 -4.234587231996602895e+03 8.704610757399535942e+03 -9.025470007283080122e+03 4.590078487757203220e+03 -9.163009765630104084e+02 2.516535446517277208e+01 -3.959344711998390665e+01
5.651930075897813183e-02 5.644467018316497331e+00 1.223648123804370869e+01 2.625512237128639754e+03 -4.200871739090756819e+03 8.634079962230856836e+03 -8.952602503336505833e+03 4.552902567595509026e+03 -9.088058222337343750e+02 2.519646944518547116e+01 -3.959344711998390665e+01
5.683212619436032315e-02 5.724957028014839189e+00 1.227100616230854691e+01 2.628496175434970610e+03 -4.217373282727347032e+03 8.670183945667427906e+03 -8.991623226193087248e+03 4.573720774018040174e+03 -9.131913338645608746e+02 2.535232448973752994e+01 -3.959344711998390665e+01
5.708010722082704214e-02 5.854902292062765135e+00 1.231100918677295830e+01 2.621133844249813592e+03 -4.177213989781879718e+03 8.583593172905020765e+03 -8.899367935033151298e+03 4.525149504140146746e+03 -9.030797815368817965e+02 2.538199292565096599e+01 -3.959344711998390665e+01
5.671661300084099300e-02 5.830338910178666900e+00 1.229408717525456396e+01 2.624542359412949736e+03 -4.195725833891447110e+03 8.623320627083487125e+03 -8.941485565386923554e+03 4.547207725286905770e+03 -9.076460855853667908e+02 2.576341740641507272e+01 -3.959344711998390665e+01
5.754500152532320001e-02 5.869060629008021834e+00 1.231277113600591733e+01 2.622519095048162853e+03 -4.184452035649371282e+03 8.598531133080583459e+03 -8.914621246375036208e+03 4.532869520939219910e+03 -9.046318800509081939e+02 2.590794752649151889e+01 -3.959344711998390665e+01
