 F
        6099      213636           3         100
    0.367033884756641910E+02    0.911501537551402805E+02
 T
   2
    0.200000000000000000E+01    0.300000000000000000E+01    0.409999999999999976E+00    0.589999999999999969E+00
   0
   0
 T T     0           0
    0.000000000000000000E+00   -0.100000000000000002+101    0.000000000000000000E+00
 T F     1          41
    0.528015374812350287E-27   -0.133267859928804751E+04   -0.127470266629887533E+04
 T F     1          59
    0.205949546251684363E-25    0.367033884756641910E+02    0.911501537551402805E+02
