    0.166666666666763080E-01   -0.164011308969859747E+05    0.488167107105255127E+00    0.125332236289978027E+00
    0.166666666666763080E-01   -0.164011308969859747E+05    0.445557296276092529E+00    0.994341611862182617E+00
    0.166666666666763080E-01   -0.164011308969859747E+05    0.174346685409545898E+00    0.651060938835144043E-01
    0.166666666666763080E-01   -0.164011308969859747E+05    0.338231325149536133E-01    0.389393925666809082E+00
    0.166666666666763080E-01   -0.164011308969859747E+05    0.620217442512512207E+00    0.973169326782226562E+00
    0.166666666666763080E-01   -0.164011308969859747E+05    0.178117036819458008E+00    0.405905842781066895E+00
    0.166666666666763080E-01   -0.164011308969859747E+05    0.427776575088500977E+00    0.644643127918243408E+00
    0.166666666666763080E-01   -0.164011308969859747E+05    0.186252236366271973E+00    0.865717113018035889E+00
    0.166666666666763080E-01   -0.164011308969859747E+05    0.517264008522033691E+00    0.151759386062622070E+00
    0.166666666666763080E-01   -0.164011308969859747E+05    0.948465466499328613E-01    0.727433145046234131E+00
    0.166666666666763080E-01   -0.164011308969859747E+05    0.293153285980224609E+00    0.440718531608581543E-01
    0.166666666666763080E-01   -0.164011308969859747E+05    0.379032254219055176E+00    0.971969425678253174E+00
    0.166666666666763080E-01   -0.164011308969859747E+05    0.284868776798248291E+00    0.112219929695129395E+00
    0.166666666666763080E-01   -0.164011308969859747E+05    0.168731272220611572E+00    0.988350987434387207E+00
    0.166666666666763080E-01   -0.164011308969859747E+05    0.851624965667724609E+00    0.949165284633636475E+00
    0.166666666666763080E-01   -0.164011308969859747E+05    0.659869015216827393E+00    0.496651828289031982E+00
    0.166666666666763080E-01   -0.164011308969859747E+05    0.267802417278289795E+00    0.807518959045410156E-01
    0.166666666666763080E-01   -0.164011308969859747E+05    0.433150529861450195E-01    0.261549353599548340E-01
    0.166666666666763080E-01   -0.164011308969859747E+05    0.897856235504150391E+00    0.589029192924499512E-01
    0.166666666666763080E-01   -0.164011308969859747E+05    0.581169128417968750E-01    0.274453699588775635E+00
    0.166666666666763080E-01   -0.164011308969859747E+05    0.477992057800292969E+00    0.926901638507843018E+00
    0.166666666666763080E-01   -0.164011308969859747E+05    0.895119845867156982E+00    0.346057832241058350E+00
    0.166666666666763080E-01   -0.164011308969859747E+05    0.510943889617919922E+00    0.798115015029907227E+00
    0.166666666666763080E-01   -0.164011308969859747E+05    0.131517887115478516E+00    0.250352084636688232E+00
    0.166666666666763080E-01   -0.164011308969859747E+05    0.126408219337463379E+00    0.697841227054595947E+00
    0.166666666666763080E-01   -0.164011308969859747E+05    0.872311711311340332E+00    0.356576085090637207E+00
    0.166666666666763080E-01   -0.164011308969859747E+05    0.266702592372894287E+00    0.335931777954101562E-02
    0.166666666666763080E-01   -0.164011308969859747E+05    0.972944974899291992E+00    0.678267538547515869E+00
    0.166666666666763080E-01   -0.164011308969859747E+05    0.622891247272491455E+00    0.511449575424194336E-01
    0.166666666666763080E-01   -0.164011308969859747E+05    0.579968631267547607E+00    0.725949168205261230E+00
    0.166666666666763080E-01   -0.164011308969859747E+05    0.927387714385986328E+00    0.794302165508270264E+00
    0.166666666666763080E-01   -0.164011308969859747E+05    0.954887926578521729E+00    0.180925369262695312E+00
    0.166666666666763080E-01   -0.164011308969859747E+05    0.397681474685668945E+00    0.783066153526306152E-01
    0.166666666666763080E-01   -0.164011308969859747E+05    0.766541182994842529E+00    0.349381089210510254E+00
    0.166666666666763080E-01   -0.164011308969859747E+05    0.583530485630035400E+00    0.571125805377960205E+00
    0.166666666666763080E-01   -0.164011308969859747E+05    0.317728400230407715E+00    0.510198652744293213E+00
    0.166666666666763080E-01   -0.164011308969859747E+05    0.538627326488494873E+00    0.968352198600769043E+00
    0.166666666666763080E-01   -0.164011308969859747E+05    0.339724302291870117E+00    0.849386513233184814E+00
    0.166666666666763080E-01   -0.164011308969859747E+05    0.344404160976409912E+00    0.652946591377258301E+00
    0.166666666666763080E-01   -0.164011308969859747E+05    0.208346545696258545E+00    0.369951665401458740E+00
    0.166666666666763080E-01   -0.164011308969859747E+05    0.290723383426666260E+00    0.241394937038421631E+00
    0.166666666666763080E-01   -0.164011308969859747E+05    0.474356114864349365E+00    0.318393349647521973E+00
    0.166666666666763080E-01   -0.164011308969859747E+05    0.547307789325714111E+00    0.243667960166931152E-01
    0.166666666666763080E-01   -0.164011308969859747E+05    0.691940486431121826E+00    0.526327073574066162E+00
    0.166666666666763080E-01   -0.164011308969859747E+05    0.642440557479858398E+00    0.387615799903869629E+00
    0.166666666666763080E-01   -0.164011308969859747E+05    0.744582235813140869E+00    0.484942317008972168E+00
    0.166666666666763080E-01   -0.164011308969859747E+05    0.881908535957336426E-01    0.223003506660461426E+00
    0.166666666666763080E-01   -0.164011308969859747E+05    0.395589292049407959E+00    0.361342906951904297E+00
    0.166666666666763080E-01   -0.164011308969859747E+05    0.137499094009399414E+00    0.978655636310577393E+00
    0.166666666666763080E-01   -0.164011308969859747E+05    0.391429066658020020E+00    0.479652464389801025E+00
    0.166666666666763080E-01   -0.164011308969859747E+05    0.901830315589904785E+00    0.303918898105621338E+00
    0.166666666666763080E-01   -0.164011308969859747E+05    0.663316071033477783E+00    0.341663777828216553E+00
    0.166666666666763080E-01   -0.164011308969859747E+05    0.960997402667999268E+00    0.619625508785247803E+00
    0.166666666666763080E-01   -0.164011308969859747E+05    0.999085605144500732E+00    0.288894653320312500E+00
    0.166666666666763080E-01   -0.164011308969859747E+05    0.463254153728485107E+00    0.446340680122375488E+00
    0.166666666666763080E-01   -0.164011308969859747E+05    0.810897707939147949E+00    0.253340303897857666E+00
    0.166666666666763080E-01   -0.164011308969859747E+05    0.227432966232299805E+00    0.414441227912902832E+00
    0.166666666666763080E-01   -0.164011308969859747E+05    0.554498314857482910E+00    0.720857381820678711E+00
    0.166666666666763080E-01   -0.164011308969859747E+05    0.965640008449554443E+00    0.758678793907165527E+00
    0.166666666666763080E-01   -0.164011308969859747E+05    0.488771617412567139E+00    0.612391412258148193E+00
