# A nu0 w tau a0 a1 a2 a3 a4 logL logPrior
5.331128168487426766e-01 7.827506942907423593e+01 1.892549144726727306e+01 7.374247388261656155e+00 -1.022143564079520002e+04 -5.726843531721403451e+03 -1.846626859056411604e+03 1.514622293487452680e+02 1.182071370820237098e+04 8.218547909869926116e+01 -4.534120504098585513e+01
5.171839898170942362e-01 7.834161607155492391e+01 1.855382735883755885e+01 7.769790135671202691e+00 -1.032442737278248569e+04 -5.776721055603695277e+03 -1.860443841731782186e+03 1.521307222935824939e+02 1.192301581212875317e+04 8.427330551473504272e+01 -4.534120504098585513e+01
5.431332013968417360e-01 7.832988659621163663e+01 1.888601213047402538e+01 7.660009683411895587e+00 -1.025421625104026680e+04 -5.741407226808281848e+03 -1.852217344381660041e+03 1.521821562036635669e+02 1.185278262813263427e+04 8.450787768582273429e+01 -4.534120504098585513e+01
5.706035107769017456e-01 7.834407644751580335e+01 1.864264219798504385e+01 6.362137437475921864e+00 -9.718666552492848496e+03 -5.488462856553171150e+03 -1.774065272177797397e+03 1.461902305609337986e+02 1.132324088284286518e+04 8.498896795432479223e+01 -4.534120504098585513e+01
5.683859770964850844e-01 7.841577078875945972e+01 1.885198801469016061e+01 6.868283079529166280e+00 -9.680493670945501435e+03 -5.469815744352673391e+03 -1.768964747654691337e+03 1.459940591471160758e+02 1.128526817252996807e+04 8.519346321202699812e+01 -4.534120504098585513e+01
5.779538132615226198e-01 7.840772281741656968e+01 1.895266283474398605e+01 6.129712439177553485e+00 -9.891366120868678991e+03 -5.568456667436489624e+03 -1.800720031191486441e+03 1.487273438352349046e+02 1.149341981129604210e+04 8.567791131638695390e+01 -4.534120504098585513e+01
5.435309425391029459e-01 7.829063551791017517e+01 1.869647934313271875e+01 7.047335255898652839e+00 -1.012454104313859716e+04 -5.680236088315449706e+03 -1.833198158422138249e+03 1.507045047183864028e+02 1.172457993040531437e+04 8.614344688794335525e+01 -4.534120504098585513e+01
5.704076516962609533e-01 7.833107166852667547e+01 1.882427320371703772e+01 6.144028884233396326e+00 -9.880056093900879205e+03 -5.564840207139662198e+03 -1.797500353690782504e+03 1.479313522923434903e+02 1.148289111346944082e+04 8.619545802344539709e+01 -4.534120504098585513e+01
5.340874866757642225e-01 7.834906588053085841e+01 1.877080285246117697e+01 7.861057761259935717e+00 -1.022894368144514920e+04 -5.730435066635254771e+03 -1.847649226385444763e+03 1.515241556580306792e+02 1.182815726864836688e+04 8.620046227714954057e+01 -4.534120504098585513e+01
5.476279704743756138e-01 7.829824989793439727e+01 1.874722851987337435e+01 6.658024447077667496e+00 -1.045397136646204126e+04 -5.834835763906168722e+03 -1.882321459925558429e+03 1.547806947201093521e+02 1.204994217722707435e+04 8.631701090001708110e+01 -4.534120504098585513e+01
5.655598372618468872e-01 7.836738040315478315e+01 1.880125287761973851e+01 6.673888102238949571e+00 -1.003652142603948596e+04 -5.638024521394957446e+03 -1.821018620829865085e+03 1.499609931823273143e+02 1.163732616987929941e+04 8.671215202990886439e+01 -4.534120504098585513e+01
5.499099895720940268e-01 7.833346339881512677e+01 1.882881831623226887e+01 6.504049909461752321e+00 -1.028861478831553904e+04 -5.757103996252570141e+03 -1.857806714367349741e+03 1.527858132858855242e+02 1.188658088833326110e+04 8.688154908706511037e+01 -4.534120504098585513e+01
5.601423877789227790e-01 7.824694106067553889e+01 1.869636509252798717e+01 6.918761100973893186e+00 -1.028083529162281411e+04 -5.752840511116921334e+03 -1.857229563061566068e+03 1.529234145181232520e+02 1.187867317782355894e+04 8.690700180033013567e+01 -4.534120504098585513e+01
5.597165418456443442e-01 7.838770601737242316e+01 1.866552640302548483e+01 6.914153743337717373e+00 -9.863279917494955953e+03 -5.556239905842589906e+03 -1.795687985680375050e+03 1.480166750061414689e+02 1.146602379728287997e+04 8.713000215471006982e+01 -4.534120504098585513e+01
5.383348290229530431e-01 7.834579582801025310e+01 1.867952704337972136e+01 6.841791786101091510e+00 -1.004506469666199519e+04 -5.643646329661867640e+03 -1.820677046023891080e+03 1.494410083171408701e+02 1.164636455878747438e+04 8.728586324646435912e+01 -4.534120504098585513e+01
5.492554303811911787e-01 7.841123496279537619e+01 1.873298395332493271e+01 7.173901024182477215e+00 -1.000857873665574152e+04 -5.625274354745836717e+03 -1.816377323202907064e+03 1.494712243609593258e+02 1.160985929136813684e+04 8.746369776551004804e+01 -4.534120504098585513e+01
5.390837694747456776e-01 7.821348143979085421e+01 1.856810505519852583e+01 7.346378316054911650e+00 -1.033656325443210517e+04 -5.780154968201740303e+03 -1.864475099718901674e+03 1.531694170202623013e+02 1.193413764250635359e+04 8.748896756906601979e+01 -4.534120504098585513e+01
5.676341389133113813e-01 7.835093719293354297e+01 1.876214924353953961e+01 6.621797539148072786e+00 -1.012189514255088216e+04 -5.677568078088022958e+03 -1.834117751167142160e+03 1.512154077891539430e+02 1.172144774815492747e+04 8.761252413648365689e+01 -4.534120504098585513e+01
5.289442382139003529e-01 7.825478130516917474e+01 1.867962234421027290e+01 7.442131320309998799e+00 -1.041917534489547324e+04 -5.819562129693537827e+03 -1.876053150192558633e+03 1.539370271141436319e+02 1.201597328234870656e+04 8.762085366587410817e+01 -4.534120504098585513e+01
5.466874963999829307e-01 7.821623264798043351e+01 1.872249414101681708e+01 7.110349425962669834e+00 -1.035388611759512605e+04 -5.788268495299751521e+03 -1.866996837736364114e+03 1.533815099229609871e+02 1.195125380421575755e+04 8.770478671097316692e+01 -4.534120504098585513e+01
5.522135379490549223e-01 7.837060327402954840e+01 1.870567893444026097e+01 6.548960493876357702e+00 -1.003096231300490217e+04 -5.636325794269690050e+03 -1.819272951630644684e+03 1.495375454085519493e+02 1.163217923832059751e+04 8.792610279962158870e+01 -4.534120504098585513e+01
5.773149234922769768e-01 7.832835519548483205e+01 1.879574789261276635e+01 6.552832296753609675e+00 -9.994832961629685087e+03 -5.617178582376027407e+03 -1.815976501307344506e+03 1.499442998301543923e+02 1.159566392264466049e+04 8.797280321532396385e+01 -4.534120504098585513e+01
5.735392960309758648e-01 7.842935119521466447e+01 1.873281751842235110e+01 5.917955416491214926e+00 -9.748873971449944293e+03 -5.502350696854731723e+03 -1.778771228281533922e+03 1.466694469311634350e+02 1.135297244112487169e+04 8.810085640782611449e+01 -4.534120504098585513e+01
5.538094592080200496e-01 7.825537030345368805e+01 1.867040754853666584e+01 6.888932144408676628e+00 -1.009025890528420496e+04 -5.663837267740853349e+03 -1.828536417523237787e+03 1.504103967762429193e+02 1.169060385158705321e+04 8.812631509905634175e+01 -4.534120504098585513e+01
5.402540254298512368e-01 7.821019963583924550e+01 1.861779946914571582e+01 7.152230714545709134e+00 -1.040651229016088655e+04 -5.813016918002113925e+03 -1.874916156614941883e+03 1.540264885658411629e+02 1.200323112570691956e+04 8.818626161448260348e+01 -4.534120504098585513e+01
5.576718801112708901e-01 7.837635908790197448e+01 1.889057435955943021e+01 6.685880420069634233e+00 -9.939157165935052035e+03 -5.592385542424426603e+03 -1.806468768317763534e+03 1.487435955589532455e+02 1.154117184464013553e+04 8.830076537422941385e+01 -4.534120504098585513e+01
5.540512634211298693e-01 7.837206620089146725e+01 1.875271438333320617e+01 6.915077858017820489e+00 -9.900328336315329580e+03 -5.574090758002554139e+03 -1.800666487922738725e+03 1.482881190291831501e+02 1.150279462760492788e+04 8.837516869888409587e+01 -4.534120504098585513e+01
5.359190898825656468e-01 7.824967254324913313e+01 1.868015067554556907e+01 7.469225826394056078e+00 -1.043207045995181397e+04 -5.824876309519561801e+03 -1.878696011374498084e+03 1.543832816495522309e+02 1.202842990221452237e+04 8.847063715963147956e+01 -4.534120504098585513e+01
5.639603148290156520e-01 7.831659520361661464e+01 1.875137578819398598e+01 6.708692129216773381e+00 -9.992178657996420952e+03 -5.617395446115357117e+03 -1.814228676229711937e+03 1.493448049461762253e+02 1.159359376148808224e+04 8.855254645987810136e+01 -4.534120504098585513e+01
5.331182093061765936e-01 7.829766115203143784e+01 1.865395310962282238e+01 6.719930964106275439e+00 -1.029475750431170127e+04 -5.760963697045474873e+03 -1.857751657668529333e+03 1.524784158877528171e+02 1.189301767271681820e+04 8.864179614083033698e+01 -4.534120504098585513e+01
5.727883190421843018e-01 7.835858730886909029e+01 1.885695463351741807e+01 6.058850561323040118e+00 -1.004777368532811670e+04 -5.642559086932646096e+03 -1.823295299634299681e+03 1.503870845880506408e+02 1.164815743337025742e+04 8.864769863141329154e+01 -4.534120504098585513e+01
5.446863074682812833e-01 7.838883776329024045e+01 1.872206027976827514e+01 7.516971099907993725e+00 -1.004668648387895701e+04 -5.644131304177859420e+03 -1.821268052747874208e+03 1.495734797656786554e+02 1.164785988882312085e+04 8.880869216985141179e+01 -4.534120504098585513e+01
5.754725171026648933e-01 7.841980948889404601e+01 1.878612396559476494e+01 6.190279856879576492e+00 -9.780157656589983162e+03 -5.516417374557475341e+03 -1.783986759538412116e+03 1.472944766394961675e+02 1.138363485080769169e+04 8.886202611633031268e+01 -4.534120504098585513e+01
5.443826707067722648e-01 7.832971596191222829e+01 1.864591369981330615e+01 6.526992263254802751e+00 -1.026123886835706253e+04 -5.745150070252914702e+03 -1.852838242460774836e+03 1.520948107821161557e+02 1.185988496142276745e+04 8.889104544707174682e+01 -4.534120504098585513e+01
5.482286409011183359e-01 7.836469426064346067e+01 1.880373644582702042e+01 6.839245047532306110e+00 -1.004133754784316625e+04 -5.641309260562406962e+03 -1.820669473555106379e+03 1.496223405192104678e+02 1.164246284673677110e+04 8.898078087974363370e+01 -4.534120504098585513e+01
5.492611244591337760e-01 7.835560631263567188e+01 1.879407496568946101e+01 6.833598145897791909e+00 -1.002195300236799994e+04 -5.631778244789661585e+03 -1.818184533258212923e+03 1.495523596932108887e+02 1.162315056103878123e+04 8.899359758310501434e+01 -4.534120504098585513e+01
5.535228053041064689e-01 7.838147792397091962e+01 1.875781143960444197e+01 6.542533539190674929e+00 -1.016321337346419205e+04 -5.698024286619131090e+03 -1.839272034098336462e+03 1.513137635563371646e+02 1.176265334658368010e+04 8.900632578232642800e+01 -4.534120504098585513e+01
5.758999176951967724e-01 7.838805905834206555e+01 1.879395345165745113e+01 6.684022472149141691e+00 -9.830478460602291307e+03 -5.539939216723440950e+03 -1.791596429579154119e+03 1.479555242966580693e+02 1.143329855108394440e+04 8.910121729322129625e+01 -4.534120504098585513e+01
5.347143606053702536e-01 7.828781728329703071e+01 1.866819336277773900e+01 7.238312757302506562e+00 -1.020715183706110656e+04 -5.720141278481156405e+03 -1.844460976344705387e+03 1.512821795447977991e+02 1.180660562337437841e+04 8.921709523477576909e+01 -4.534120504098585513e+01
5.595287088398672726e-01 7.825744706345946611e+01 1.863539624378860182e+01 6.339561688569899545e+00 -1.023977150585510390e+04 -5.733743797093602552e+03 -1.850914927902699901e+03 1.523475060423082255e+02 1.183818104517407664e+04 8.925968005435844077e+01 -4.534120504098585513e+01
5.584336142818326909e-01 7.839087315269213718e+01 1.884412640127614935e+01 6.808684644418578458e+00 -9.869023519493479398e+03 -5.559605420907422740e+03 -1.795816007901842568e+03 1.478171060211337533e+02 1.147196366965659763e+04 8.926099824162209018e+01 -4.534120504098585513e+01
5.206904290574688732e-01 7.826971584955143157e+01 1.865708408687703823e+01 7.679030039261795615e+00 -1.041204673255517810e+04 -5.817132823938850379e+03 -1.874205268976298839e+03 1.534948160938341175e+02 1.200928123410172338e+04 8.927657944791569378e+01 -4.534120504098585513e+01
5.773344765742530749e-01 7.838241650304190955e+01 1.882741028634312386e+01 5.922466777440465791e+00 -9.907035819627915771e+03 -5.576236149350159394e+03 -1.802704792333264095e+03 1.487603001869673562e+02 1.150905192505548257e+04 8.928530951204717780e+01 -4.534120504098585513e+01
5.676385718898315780e-01 7.832934196380985270e+01 1.874360381942456399e+01 6.296798631536686841e+00 -9.853775432722599362e+03 -5.551490242128627870e+03 -1.794520959594556416e+03 1.480099287530535150e+02 1.145653055028848939e+04 8.930317263826424323e+01 -4.534120504098585513e+01
5.509828459812120549e-01 7.836728922751849780e+01 1.881895873285023058e+01 6.987226616397782308e+00 -9.883369820185467688e+03 -5.566425119873755648e+03 -1.797966278533639525e+03 1.479698268877796181e+02 1.148615423938831736e+04 8.934600391441045986e+01 -4.534120504098585513e+01
5.324803324634169721e-01 7.829265011844849198e+01 1.865693368716446443e+01 7.254867599961555946e+00 -1.020804441059478449e+04 -5.720868636608973247e+03 -1.844292791069131681e+03 1.511730604602790891e+02 1.180760436856865999e+04 8.936958456842729959e+01 -4.534120504098585513e+01
5.780318661411859571e-01 7.841349257898387748e+01 1.880282765971746528e+01 5.946576337154800385e+00 -9.837402812653350338e+03 -5.543923528557283134e+03 -1.791942825076430836e+03 1.477507616859432176e+02 1.144042465536063173e+04 8.940612847020352660e+01 -4.534120504098585513e+01
5.480118065103410929e-01 7.836054425498248577e+01 1.871186160159561496e+01 6.541281000733932594e+00 -1.011923083661140845e+04 -5.678195037327578575e+03 -1.832019823772064683e+03 1.504570085487783331e+02 1.171952418228295210e+04 8.944648937447196602e+01 -4.534120504098585513e+01
5.844944754970746725e-01 7.836819527465111435e+01 1.888786263606419524e+01 6.465198684162883680e+00 -9.863932989470114990e+03 -5.555384826015550061e+03 -1.796852771784082961e+03 1.484667890049476284e+02 1.146624846773611353e+04 8.960069919205830047e+01 -4.534120504098585513e+01
5.479063165706281602e-01 7.828181359004977935e+01 1.864985902949727503e+01 7.399032249048403287e+00 -1.005559111950640545e+04 -5.647840364478341144e+03 -1.823067186732921982e+03 1.498716478986340235e+02 1.165646783545500148e+04 8.969710113296076770e+01 -4.534120504098585513e+01
5.525489077948060324e-01 7.829639674576814912e+01 1.876114405670645624e+01 6.422543912761077500e+00 -1.008683038680874961e+04 -5.662415013055099735e+03 -1.827710113396013185e+03 1.502827703088510418e+02 1.168729886401866315e+04 8.977439314746075638e+01 -4.534120504098585513e+01
5.619155199605657680e-01 7.828562516333387578e+01 1.873686911311123637e+01 6.241508621309977300e+00 -1.006423016906488738e+04 -5.650799236131941143e+03 -1.825376504157744876e+03 1.503991882582875519e+02 1.166459470899158259e+04 8.991137014485187251e+01 -4.534120504098585513e+01
5.625707359995359980e-01 7.836459205244212001e+01 1.879239084939340287e+01 6.484384134992001947e+00 -9.930267434800634874e+03 -5.587744874693551537e+03 -1.805641180798502546e+03 1.488202738152593838e+02 1.153221210363719729e+04 8.992051215969331679e+01 -4.534120504098585513e+01
5.702196599607035621e-01 7.836528328543796817e+01 1.880992109460063233e+01 6.377824112705863691e+00 -9.801538635569539110e+03 -5.527361469419875903e+03 -1.786461699397271786e+03 1.472134853560910415e+02 1.140509454129634832e+04 9.007739593274281731e+01 -4.534120504098585513e+01
5.393832075087335864e-01 7.828634476856750268e+01 1.880854142060103840e+01 7.754508840138475634e+00 -1.028520847330123615e+04 -5.756151040874652608e+03 -1.856679673036235954e+03 1.524911610893394140e+02 1.188346280783041584e+04 9.010824810907323013e+01 -4.534120504098585513e+01
5.483849839762910960e-01 7.834167439200450644e+01 1.872667157131874305e+01 7.308436716151316404e+00 -1.005213966292504665e+04 -5.645805222889251127e+03 -1.822953401961887266e+03 1.499907180834260032e+02 1.165290132825207365e+04 9.014718226125236811e+01 -4.534120504098585513e+01
5.433931686381381354e-01 7.825985694046431718e+01 1.866954370596814172e+01 7.127693235760864887e+00 -1.043096553423362093e+04 -5.824567047675334834e+03 -1.878383781534571654e+03 1.542874163437386983e+02 1.202742443905612708e+04 9.022231316922037081e+01 -4.534120504098585513e+01
5.665595015246094324e-01 7.833039160492639041e+01 1.880522905337215889e+01 5.973516026099324527e+00 -9.923432495164171996e+03 -5.584494591612125078e+03 -1.804590283628977204e+03 1.487440420908106944e+02 1.152545534839518041e+04 9.027508598504671511e+01 -4.534120504098585513e+01
5.589090754679424400e-01 7.838382976255556400e+01 1.885096013293180306e+01 6.894239459356844790e+00 -9.943957381370426447e+03 -5.594184204741251961e+03 -1.807551635480086134e+03 1.489766857842683976e+02 1.154574166933111883e+04 9.028888883507087826e+01 -4.534120504098585513e+01
5.248834326901726799e-01 7.830585610173687883e+01 1.871509098401468307e+01 7.811481971434687033e+00 -1.036885767729868894e+04 -5.796289945371369868e+03 -1.868292568112755134e+03 1.531844136661083269e+02 1.196640470156302217e+04 9.033702930207654447e+01 -4.534120504098585513e+01
5.556004980173749885e-01 7.835030040243128724e+01 1.862431537904982548e+01 6.526006831527230823e+00 -9.923373985737762268e+03 -5.585207886869561662e+03 -1.803840639665973413e+03 1.484558273081632933e+02 1.152567208799340915e+04 9.035274024067432208e+01 -4.534120504098585513e+01
5.390294853861835600e-01 7.822226225165826463e+01 1.869022676232162894e+01 7.347229522390887446e+00 -1.033656204858985802e+04 -5.780154527802233133e+03 -1.864470826183328654e+03 1.531676725365124128e+02 1.193413974575229440e+04 9.035370637107114078e+01 -4.534120504098585513e+01
5.534920418759785576e-01 7.838147881723091359e+01 1.875781043443506491e+01 6.542533558100348756e+00 -1.016321322244399198e+04 -5.698024316997982169e+03 -1.839272024256817986e+03 1.513139997850356906e+02 1.176265348358498704e+04 9.040073084531940140e+01 -4.534120504098585513e+01
5.389364540533609915e-01 7.830412839876642295e+01 1.862730297960493075e+01 6.635490773685119414e+00 -1.029758524516003490e+04 -5.762150917877668689e+03 -1.858276117949920945e+03 1.525652814781018378e+02 1.189576094352206928e+04 9.041428115070918636e+01 -4.534120504098585513e+01
5.520184047196584620e-01 7.831427860200416546e+01 1.864564122100805932e+01 6.825767707517619520e+00 -1.004134476874452957e+04 -5.641284162822126746e+03 -1.820745501696595738e+03 1.496371634248121154e+02 1.164245629601035034e+04 9.042238200258206859e+01 -4.534120504098585513e+01
5.736901675865452299e-01 7.835593319722528349e+01 1.886325796752373662e+01 6.577519904769420833e+00 -9.812367611589268563e+03 -5.532062407013224401e+03 -1.788309866414402450e+03 1.474864858261925065e+02 1.141565305180446376e+04 9.046155063368905758e+01 -4.534120504098585513e+01
5.374724795965266644e-01 7.829755235833528104e+01 1.865376632610716712e+01 6.719996006029875346e+00 -1.029475511036321768e+04 -5.760961777153133880e+03 -1.857751982482074709e+03 1.524758388487483103e+02 1.189302099224746598e+04 9.048709999549286920e+01 -4.534120504098585513e+01
5.520499197740921238e-01 7.828573828570618787e+01 1.876371879289392552e+01 6.824508541585438515e+00 -1.012303519168080493e+04 -5.679467221239310675e+03 -1.833177727703951859e+03 1.507161948552490855e+02 1.172307150427391571e+04 9.048894477036132855e+01 -4.534120504098585513e+01
5.659060326169537136e-01 7.832424547050062813e+01 1.875156668600705245e+01 6.436469404684601159e+00 -1.005893626217519522e+04 -5.648168797917825032e+03 -1.824672350056578580e+03 1.503861150253157177e+02 1.165931813495331517e+04 9.052647268388258794e+01 -4.534120504098585513e+01
5.443842118799731011e-01 7.822336586354992960e+01 1.866861989521393284e+01 6.920897108128116315e+00 -1.022075213456490746e+04 -5.725353460223648653e+03 -1.847654644442384324e+03 1.519130689075021792e+02 1.181958887705268717e+04 9.055990648721535763e+01 -4.534120504098585513e+01
5.493077047225854992e-01 7.833091129403833008e+01 1.879555571276255677e+01 6.831791677986688960e+00 -1.002254266471183655e+04 -5.632072726258607872e+03 -1.818289425496288914e+03 1.495552846470097279e+02 1.162373793257672514e+04 9.059384016222607272e+01 -4.534120504098585513e+01
5.538847199952668943e-01 7.830283699159177502e+01 1.880291217850721708e+01 6.728759771404794421e+00 -9.990581770531032817e+03 -5.616864619587016023e+03 -1.813869940702006716e+03 1.492488577910448839e+02 1.159209025116635166e+04 9.062952551972547610e+01 -4.534120504098585513e+01
5.550242063433826756e-01 7.838823124216521876e+01 1.888689586860530767e+01 6.954425711857730619e+00 -1.003179656649574281e+04 -5.636248641837995820e+03 -1.819834976092547322e+03 1.497295792405528516e+02 1.163282419106070665e+04 9.064142029996691008e+01 -4.534120504098585513e+01
5.234992731193790494e-01 7.832187612776969843e+01 1.862157155315637880e+01 7.748701602112297415e+00 -1.023611847434951051e+04 -5.734396514017494155e+03 -1.848154652271637815e+03 1.513865528796007993e+02 1.183545957771481153e+04 9.064977921512422654e+01 -4.534120504098585513e+01
5.420301978683917943e-01 7.832831341465320918e+01 1.878797955259582864e+01 7.063227061034536902e+00 -1.003255819108509786e+04 -5.637149233022855697e+03 -1.819513717636650426e+03 1.495399344532073371e+02 1.163376565965283044e+04 9.068834665505509918e+01 -4.534120504098585513e+01
5.597277605878642204e-01 7.826119872139874190e+01 1.892165469254888777e+01 6.832708467041284095e+00 -1.015414655658646370e+04 -5.693332084388968724e+03 -1.838430416912417968e+03 1.513789838126136260e+02 1.175353161805706259e+04 9.072252455751694811e+01 -4.534120504098585513e+01
5.638955772020306512e-01 7.832620221141918648e+01 1.892103725187392982e+01 6.360466859192854372e+00 -1.005290890806576135e+04 -5.645680685139395791e+03 -1.823502391010150404e+03 1.501792900994989282e+02 1.165349725762257367e+04 9.073916685562575424e+01 -4.534120504098585513e+01
5.324674548748190572e-01 7.830715686532643360e+01 1.865611996504535952e+01 7.254758425936702615e+00 -1.020803972491353124e+04 -5.720878014003514181e+03 -1.844303488630820084e+03 1.511699743474057698e+02 1.180760308577356955e+04 9.074680711469528660e+01 -4.534120504098585513e+01
5.392088017310138204e-01 7.831203058430752151e+01 1.863229323480714683e+01 7.051046226566277220e+00 -1.025490669767373583e+04 -5.741844727576313744e+03 -1.852178533927078433e+03 1.521475188981543454e+02 1.185350063190796573e+04 9.076870957390590888e+01 -4.534120504098585513e+01
5.407321163097436045e-01 7.832159697511021079e+01 1.880568061809829672e+01 7.044781666637761397e+00 -1.018074332467117347e+04 -5.707345353155295925e+03 -1.840984024599806617e+03 1.511164143572464127e+02 1.178037228214174684e+04 9.081496125079740978e+01 -4.534120504098585513e+01
5.398177654274836090e-01 7.826504004278710624e+01 1.870043494692978925e+01 6.529328630424680924e+00 -1.041446014488893525e+04 -5.817167605854256180e+03 -1.875599592442813446e+03 1.539513083562655140e+02 1.201125053498171474e+04 9.083760777777379758e+01 -4.534120504098585513e+01
5.464098969467936495e-01 7.831171764579218575e+01 1.872628156136605782e+01 7.061798463624377575e+00 -1.020799429426403003e+04 -5.719238325965860895e+03 -1.845821541359741332e+03 1.517964278181437692e+02 1.180695064463493691e+04 9.084507010342164790e+01 -4.534120504098585513e+01
5.396421271822660071e-01 7.827539987143910594e+01 1.879996357332402823e+01 7.034960452590745206e+00 -1.030824492994510547e+04 -5.766919834504829851e+03 -1.860167515389030541e+03 1.527937307839102345e+02 1.190619842264643739e+04 9.088371014421156246e+01 -4.534120504098585513e+01
5.563150510875476407e-01 7.827987192367622526e+01 1.872096392448343849e+01 6.900234469725415209e+00 -1.027206914251175112e+04 -5.748706772324670965e+03 -1.855969652389376961e+03 1.528287644756597672e+02 1.186999852470962469e+04 9.089312207311876080e+01 -4.534120504098585513e+01
5.519113713089005557e-01 7.839803120795920677e+01 1.874932780825119139e+01 6.686637655307732686e+00 -9.854966114111297429e+03 -5.553388440443048239e+03 -1.793403121937955575e+03 1.474988487471857468e+02 1.145821895561337988e+04 9.091551809956909835e+01 -4.534120504098585513e+01
5.680147784693577728e-01 7.834218902098612602e+01 1.895534506590247048e+01 6.250353356699189789e+00 -9.928721185519421851e+03 -5.586888095095408062e+03 -1.805473103584128467e+03 1.488432135222179511e+02 1.153064737163078098e+04 9.091596623135208688e+01 -4.534120504098585513e+01
5.605984848327981718e-01 7.837828746092259280e+01 1.886656434968779550e+01 6.662278219956620617e+00 -9.869305827368620157e+03 -5.559645772263585968e+03 -1.796033306912681155e+03 1.478612922635172708e+02 1.147220470504437071e+04 9.093032508703555550e+01 -4.534120504098585513e+01
5.633253696566783431e-01 7.835985406634868866e+01 1.886302107453368038e+01 6.579102852763220710e+00 -1.003561352219487526e+04 -5.636958330097397265e+03 -1.821464578263479552e+03 1.502037135891613673e+02 1.163617606432628236e+04 9.093078551415757715e+01 -4.534120504098585513e+01
5.492438510327830592e-01 7.830508296000607515e+01 1.877906297754264031e+01 6.918718715889410120e+00 -1.008138278338364034e+04 -5.659878013386229213e+03 -1.826866447205446548e+03 1.502069837293798571e+02 1.168192578654633144e+04 9.099000209914801474e+01 -4.534120504098585513e+01
5.583328487654304340e-01 7.836729579118477318e+01 1.872500932643039917e+01 6.242997159098796267e+00 -9.914412271415256328e+03 -5.581252217446678515e+03 -1.802293810747912175e+03 1.482463532500364920e+02 1.151692057961483079e+04 9.102797162558022137e+01 -4.534120504098585513e+01
5.415689338657979635e-01 7.827555909513438337e+01 1.869233764079475435e+01 6.678758867254905418e+00 -1.021912895262333404e+04 -5.725628898693473275e+03 -1.846425544545485991e+03 1.514838275631577176e+02 1.181838903146371558e+04 9.103155968286922928e+01 -4.534120504098585513e+01
5.603273973580030765e-01 7.830462005666817049e+01 1.884415669697829188e+01 6.599923869464815240e+00 -9.998004080380867890e+03 -5.619575012175646407e+03 -1.815638861797331174e+03 1.496385954787961907e+02 1.159913053995466180e+04 9.103367876033290429e+01 -4.534120504098585513e+01
5.386039519760477123e-01 7.826123933189592208e+01 1.875881931083489107e+01 6.933467486817928460e+00 -1.029387109680719186e+04 -5.760092736748871175e+03 -1.858103226005762508e+03 1.526476228270151410e+02 1.189196998387461281e+04 9.105244060677652840e+01 -4.534120504098585513e+01
5.394725400056912257e-01 7.831143448926449935e+01 1.858332193131420951e+01 6.634269181408220639e+00 -1.018239375033205761e+04 -5.708480445525406139e+03 -1.840812714835315774e+03 1.509926570628496165e+02 1.178213959364328366e+04 9.106009128926997676e+01 -4.534120504098585513e+01
5.375355514625865805e-01 7.829254501015027756e+01 1.861747321189874071e+01 7.581062413312802839e+00 -1.029331134232718068e+04 -5.759724661153379202e+03 -1.858101728044953461e+03 1.526833512055747235e+02 1.189137131754051006e+04 9.106680448173504772e+01 -4.534120504098585513e+01
5.335319531023816619e-01 7.828264133387283152e+01 1.863342050296832042e+01 6.911970116639219341e+00 -1.041073910507886649e+04 -5.815665484778751306e+03 -1.874830971434085995e+03 1.538127121159555202e+02 1.200766498244650211e+04 9.107544928528153605e+01 -4.534120504098585513e+01
5.663899525013229574e-01 7.827953758312138177e+01 1.884790000086407957e+01 6.255763642974261352e+00 -9.989597443320904858e+03 -5.615507628597111761e+03 -1.814507482336847033e+03 1.495782314689505483e+02 1.159078759651310793e+04 9.108223657986232524e+01 -4.534120504098585513e+01
5.487536926040064156e-01 7.826381780962402956e+01 1.865285625563952721e+01 6.963579691466037502e+00 -1.016336258821689080e+04 -5.698285737804872042e+03 -1.839223801574573599e+03 1.512568449310275014e+02 1.176285578777062437e+04 9.109930303134267149e+01 -4.534120504098585513e+01
5.410734465215972788e-01 7.825408065305848027e+01 1.870922117917212191e+01 6.795678609874272524e+00 -1.033868566678153002e+04 -5.781640245110330397e+03 -1.864271155660522709e+03 1.529958154902169838e+02 1.193643436612211372e+04 9.110855118072474568e+01 -4.534120504098585513e+01
5.397249726932343838e-01 7.828299910669404937e+01 1.854065554926255643e+01 7.058107489485710317e+00 -1.025172397277137679e+04 -5.740553428992161571e+03 -1.851601108435149399e+03 1.520370868932263022e+02 1.185042656470728980e+04 9.116454405113816506e+01 -4.534120504098585513e+01
5.443306182926281878e-01 7.823341269391877972e+01 1.866832958049866775e+01 6.920759480026048571e+00 -1.022074942799410564e+04 -5.725358953902907160e+03 -1.847661024134987429e+03 1.519112422152049930e+02 1.181958807066748523e+04 9.123871291067021616e+01 -4.534120504098585513e+01
5.568062105773159409e-01 7.828314997878928239e+01 1.874564598016407047e+01 6.604513988195805929e+00 -1.006422499128676282e+04 -5.650819203010216370e+03 -1.825357665107378352e+03 1.503935881610825334e+02 1.166459273362582826e+04 9.127246946336117617e+01 -4.534120504098585513e+01
5.548338788154446588e-01 7.827272291319965802e+01 1.868562348738369749e+01 6.449634948620924568e+00 -1.025159573701825320e+04 -5.739293141901434865e+03 -1.852739355910375934e+03 1.524985837942623732e+02 1.184985564028357658e+04 9.127406012718370221e+01 -4.534120504098585513e+01
5.662543647773664590e-01 7.835247685198586964e+01 1.879634622336518746e+01 6.529021659501514030e+00 -9.849039607734104720e+03 -5.549927117302589977e+03 -1.793268640058969368e+03 1.476945845908430215e+02 1.145211051530322220e+04 9.132772604114481396e+01 -4.534120504098585513e+01
5.690469066729378911e-01 7.833867931278271612e+01 1.886063472353282222e+01 6.247931553316040443e+00 -1.007521348262647189e+04 -5.655501425693426427e+03 -1.827409309133587840e+03 1.507089280551194861e+02 1.167527575378078654e+04 9.132847891624236070e+01 -4.534120504098585513e+01
5.573392159113860211e-01 7.827333355759206768e+01 1.884765532821721834e+01 6.575073474827693332e+00 -1.021124565892397914e+04 -5.720566162437603452e+03 -1.846476681993927286e+03 1.519115657427172721e+02 1.181009306741232103e+04 9.133610426437866181e+01 -4.534120504098585513e+01
5.538214979297835239e-01 7.830400893265202455e+01 1.874740898643929654e+01 6.752014909227029626e+00 -9.986530874476793542e+03 -5.614948151402204530e+03 -1.813280053905369869e+03 1.492055797193344233e+02 1.158808176486528282e+04 9.134120304537572110e+01 -4.534120504098585513e+01
5.289370866686134987e-01 7.829254352703185305e+01 1.858064383292538224e+01 7.368014012985571348e+00 -1.036535677644999851e+04 -5.794736018498456360e+03 -1.867746204391570018e+03 1.531092121261235093e+02 1.196298046595976848e+04 9.136618965874691867e+01 -4.534120504098585513e+01
5.425366856448766706e-01 7.828910302600051807e+01 1.864436238527531842e+01 6.980931956940946925e+00 -1.012415939804808841e+04 -5.680181223090348794e+03 -1.833097924562123353e+03 1.506543728318341380e+02 1.172425283450575807e+04 9.137792349291211735e+01 -4.534120504098585513e+01
5.568769710882479629e-01 7.832985532730710077e+01 1.877427684844844080e+01 6.913361465852695176e+00 -1.019043168242214233e+04 -5.710668885988180591e+03 -1.843458887204374605e+03 1.517008126398106640e+02 1.178948889831130691e+04 9.144832966586551493e+01 -4.534120504098585513e+01
5.562984378883174541e-01 7.832798028719986405e+01 1.877861290632525026e+01 6.627699435039320797e+00 -9.961475889077186366e+03 -5.602710585503356924e+03 -1.809952338879697436e+03 1.490815811745067379e+02 1.156315371174263237e+04 9.146404073895553211e+01 -4.534120504098585513e+01
5.578391723449017681e-01 7.838652173514175558e+01 1.880053217383853337e+01 6.864863818797069861e+00 -9.943896188649872784e+03 -5.594348455111716248e+03 -1.807355515958114438e+03 1.489005389633482821e+02 1.154575458270246781e+04 9.148228944451572886e+01 -4.534120504098585513e+01
5.419722570553452412e-01 7.825405814353212008e+01 1.871637554183919505e+01 6.539453634469739818e+00 -1.037132543386760335e+04 -5.796712379576947569e+03 -1.869367113064564592e+03 1.534996846474119252e+02 1.196856953685599001e+04 9.155839486310972575e+01 -4.534120504098585513e+01
5.478690960316267011e-01 7.832917207838396223e+01 1.873201354548700337e+01 6.453698219340612496e+00 -1.024887944728161892e+04 -5.738821988563615378e+03 -1.851504819201848704e+03 1.521450049480930318e+02 1.184748354387396648e+04 9.156402618995950604e+01 -4.534120504098585513e+01
5.412468189345324143e-01 7.828617503037695258e+01 1.877888783673211748e+01 7.092970512711445075e+00 -1.037974637416068072e+04 -5.800281659912004216e+03 -1.870963823188908691e+03 1.537501897148715955e+02 1.197674451946176850e+04 9.164773000110818657e+01 -4.534120504098585513e+01
5.621777169089376969e-01 7.827733872864756393e+01 1.878299125646525880e+01 6.433823353053818472e+00 -1.024242630486121925e+04 -5.734652098377387119e+03 -1.851640788969947835e+03 1.525117513573704571e+02 1.184067618928351658e+04 9.167004342062118383e+01 -4.534120504098585513e+01
5.536021814351779202e-01 7.833107070524059168e+01 1.874972751229848100e+01 6.748099583588222039e+00 -1.003611922671472166e+04 -5.638792109727830393e+03 -1.819995765468831678e+03 1.495847505161804065e+02 1.163728611663507399e+04 9.168693201668709492e+01 -4.534120504098585513e+01
5.383972523623875572e-01 7.826486748795672099e+01 1.870067128016632907e+01 6.957424529222985043e+00 -1.029219842883547972e+04 -5.759799144938790050e+03 -1.857366696997826011e+03 1.524312331478912199e+02 1.189051031571419298e+04 9.173629244631651147e+01 -4.534120504098585513e+01
5.413437833414032063e-01 7.833746247513894900e+01 1.870490816257465383e+01 6.908124955679127766e+00 -1.021058592673070780e+04 -5.721212638425863588e+03 -1.845483464733644496e+03 1.515376909569124848e+02 1.180979110682543433e+04 9.176676323870721319e+01 -4.534120504098585513e+01
5.455750827837017036e-01 7.830759767647047909e+01 1.870464533266111573e+01 7.038394216408061510e+00 -1.023388648125601321e+04 -5.731407860009668184e+03 -1.849660183077224474e+03 1.521109300543220115e+02 1.183252645037871298e+04 9.179924669130812731e+01 -4.534120504098585513e+01
5.519557466611810792e-01 7.832334213841352266e+01 1.882399649535381414e+01 6.575162863955744896e+00 -1.000026477020123821e+04 -5.621745220163473277e+03 -1.814935249078011566e+03 1.492317756587358986e+02 1.160178785249353496e+04 9.182945297422813269e+01 -4.534120504098585513e+01
5.475758258281170354e-01 7.836794716878326028e+01 1.869573174217074296e+01 6.915342546227789988e+00 -9.981411986597535360e+03 -5.613006663582745205e+03 -1.811990775311067637e+03 1.489549449314717151e+02 1.158320693499212939e+04 9.186765279825036146e+01 -4.534120504098585513e+01
5.616879053141712319e-01 7.835886397939401604e+01 1.873090849889605636e+01 6.574431650271177929e+00 -9.961383977633742688e+03 -5.602846202655609886e+03 -1.809708908024069615e+03 1.490006973835730548e+02 1.156314570658536650e+04 9.189458177198295630e+01 -4.534120504098585513e+01
5.695931009029818748e-01 7.835931546070234788e+01 1.886974415323500054e+01 6.385012978049536159e+00 -9.866065110542609546e+03 -5.557483862681600840e+03 -1.796161662434407845e+03 1.480712614621020293e+02 1.146876380069296101e+04 9.191408452317132571e+01 -4.534120504098585513e+01
5.604069713634842742e-01 7.830612015367086087e+01 1.891964780858254969e+01 6.806385167767864175e+00 -1.003176103554184374e+04 -5.635964132750194040e+03 -1.820141766858806477e+03 1.498375132999865684e+02 1.163268656603209638e+04 9.194132196758089037e+01 -4.534120504098585513e+01
5.374368852301293353e-01 7.832549412526574883e+01 1.861621548426494854e+01 6.908275098530298308e+00 -1.016781219474464160e+04 -5.701247145517922036e+03 -1.838980444599223574e+03 1.509628391473555666e+02 1.176758853821757111e+04 9.194186399781072794e+01 -4.534120504098585513e+01
5.648292330303646969e-01 7.828558967000499536e+01 1.885286032833194980e+01 6.488395071854863083e+00 -9.989610695114566624e+03 -5.615474561876296320e+03 -1.814543310654961942e+03 1.495941083960131266e+02 1.159078437865442538e+04 9.194984967261318332e+01 -4.534120504098585513e+01
5.508920108484036682e-01 7.825405541912181206e+01 1.875519731768112308e+01 6.664532121744097815e+00 -1.016603171268234837e+04 -5.699579003576281139e+03 -1.839622216139097873e+03 1.512706689415604160e+02 1.176551531457270357e+04 9.197077525280818122e+01 -4.534120504098585513e+01
5.597708472882184649e-01 7.831932015379918255e+01 1.884696477850456731e+01 6.328874267710709489e+00 -9.949468676754731860e+03 -5.597250001137253093e+03 -1.807982518354234344e+03 1.488596406043925526e+02 1.155137048801554920e+04 9.198449691445468090e+01 -4.534120504098585513e+01
5.582771621521902539e-01 7.834463179574416358e+01 1.870546009010610788e+01 6.543504993474738463e+00 -1.000668542648660696e+04 -5.624109907726995516e+03 -1.816495610938444997e+03 1.495667911626617581e+02 1.160787523976854754e+04 9.200348490329014339e+01 -4.534120504098585513e+01
5.465189749973456967e-01 7.832643895325374217e+01 1.866615227117323172e+01 6.839406910833119468e+00 -1.012024691093858019e+04 -5.678132045687720165e+03 -1.832654627682574755e+03 1.506848508308907810e+02 1.172030842309677064e+04 9.203680533744224590e+01 -4.534120504098585513e+01
5.623756940491251299e-01 7.831076925544105904e+01 1.886121051102998081e+01 6.442916969423360563e+00 -1.008761299167487596e+04 -5.661472960176795823e+03 -1.829104179556535428e+03 1.508036623236132812e+02 1.168757645040809803e+04 9.203771389084164412e+01 -4.534120504098585513e+01
5.292274405595386311e-01 7.829171461282528810e+01 1.864655419374771128e+01 7.096884943167747650e+00 -1.038692818674274167e+04 -5.804679893927118428e+03 -1.871074624115390179e+03 1.534412744686143526e+02 1.198422224911306512e+04 9.204720315856404511e+01 -4.534120504098585513e+01
5.518653941794205986e-01 7.830056469382489581e+01 1.869746789298982037e+01 6.450873795950577971e+00 -1.014820547995585548e+04 -5.691653891563615616e+03 -1.836499349027837070e+03 1.508731416213561829e+02 1.174808434979407502e+04 9.209486658010952453e+01 -4.534120504098585513e+01
5.535644126170654600e-01 7.833524183045140887e+01 1.873047585057036812e+01 6.849581922761195152e+00 -1.010763921286127697e+04 -5.671718657010290372e+03 -1.831327499833740148e+03 1.507263200482535979e+02 1.170766802785430809e+04 9.219941867208997621e+01 -4.534120504098585513e+01
5.548187579314014517e-01 7.831590712620752015e+01 1.864613735885239976e+01 6.814008388912367487e+00 -1.007444018278887961e+04 -5.656272560887414329e+03 -1.826188905654841847e+03 1.502598528703977649e+02 1.167493300605274635e+04 9.221262920964692000e+01 -4.534120504098585513e+01
5.596424692189949646e-01 7.834888159089568660e+01 1.870286937146775230e+01 6.824439474070723044e+00 -9.968827604914418771e+03 -5.606198160377029126e+03 -1.811013322897688340e+03 1.491571486020879718e+02 1.157042929865431870e+04 9.221289840193881560e+01 -4.534120504098585513e+01
5.597643510631203911e-01 7.833814969562611452e+01 1.885554611392586821e+01 6.921636192904619733e+00 -9.962123937270444003e+03 -5.602634627768556129e+03 -1.810353489174634433e+03 1.492313978715782525e+02 1.156365556050506893e+04 9.223134386878520274e+01 -4.534120504098585513e+01
5.393826703045633275e-01 7.829356834941086163e+01 1.864189417919511271e+01 7.434108060328577849e+00 -1.027632544282325034e+04 -5.751663692028237165e+03 -1.855655177966823430e+03 1.525074130545442301e+02 1.187456307624108013e+04 9.224564152784608950e+01 -4.534120504098585513e+01
5.459134864746013616e-01 7.834367512276085677e+01 1.869889195173623975e+01 7.415264091670876745e+00 -1.015189082520247757e+04 -5.692883580156163589e+03 -1.837451373211435111e+03 1.511137959444638739e+02 1.175152561610473094e+04 9.224722198266148609e+01 -4.534120504098585513e+01
5.737235132934489501e-01 7.833493238085235078e+01 1.883819455784492192e+01 6.199587310725710232e+00 -9.874939000106091044e+03 -5.561437976522001009e+03 -1.797697160943804874e+03 1.482644399321521007e+02 1.147744562678425063e+04 9.224922822472491646e+01 -4.534120504098585513e+01
5.392132275481438253e-01 7.829313065196453181e+01 1.862216990459561572e+01 7.092217583312447005e+00 -1.029035308476196951e+04 -5.758553432551465448e+03 -1.857499441638415647e+03 1.525663223682520595e+02 1.188852817206524378e+04 9.225039442521004673e+01 -4.534120504098585513e+01
5.558354458630381245e-01 7.831030739848792166e+01 1.871496650807944917e+01 6.922902889349972000e+00 -1.002734328090257804e+04 -5.633850257009200504e+03 -1.819503800617295610e+03 1.498009466215058580e+02 1.162830183333541936e+04 9.227966624475855895e+01 -4.534120504098585513e+01
5.339728307935478480e-01 7.833739724050603570e+01 1.864315913263110147e+01 7.204390176954953873e+00 -1.028910886287980975e+04 -5.758535448778078717e+03 -1.856671946991795721e+03 1.523195079878509546e+02 1.188752584682605266e+04 9.228094592373562932e+01 -4.534120504098585513e+01
5.542639281624844871e-01 7.831652467029468312e+01 1.877936883403718227e+01 6.581644401291001145e+00 -1.015255837192635772e+04 -5.693161182791031933e+03 -1.837605546326656849e+03 1.511348410507156643e+02 1.175217858522772076e+04 9.228158886164399632e+01 -4.534120504098585513e+01
5.446080807948457947e-01 7.836986910453941846e+01 1.872434412296327366e+01 7.075249888065992643e+00 -1.002045558880835415e+04 -5.631640880160911365e+03 -1.817536271990469231e+03 1.493194197163717263e+02 1.162188315580964081e+04 9.229780929915408194e+01 -4.534120504098585513e+01
5.613981238238109350e-01 7.834207185099735682e+01 1.880045388427629760e+01 6.436422478275247272e+00 -1.012849557218807422e+04 -5.681212441489191406e+03 -1.834677745417136293e+03 1.510943933647940298e+02 1.172816401023880280e+04 9.230455455293049738e+01 -4.534120504098585513e+01
5.275108123004377259e-01 7.831560156648481552e+01 1.864305841429947819e+01 7.647236390076930235e+00 -1.023623004663877691e+04 -5.734097374761946412e+03 -1.848504987555895241e+03 1.515245179619168994e+02 1.183543741747600507e+04 9.230796796899988976e+01 -4.534120504098585513e+01
5.411682023587550683e-01 7.831645374992089614e+01 1.881172324251371464e+01 7.018963264298538007e+00 -1.024641993531716071e+04 -5.737957561749771230e+03 -1.850926893145121994e+03 1.520080956395064220e+02 1.184515809021414134e+04 9.235265608523121728e+01 -4.534120504098585513e+01
5.517040578486656077e-01 7.829462376004400426e+01 1.876113129868683771e+01 6.803602668960218480e+00 -1.014933084197353855e+04 -5.691818109020900920e+03 -1.837060225389973539e+03 1.510349997658238692e+02 1.174904834419300641e+04 9.238140974968187891e+01 -4.534120504098585513e+01
5.513794588960579945e-01 7.832428074563524945e+01 1.881877490112989548e+01 6.948444790970179419e+00 -1.009230984592735149e+04 -5.664624441524913891e+03 -1.828911211919414427e+03 1.504933000729041623e+02 1.169257420903117963e+04 9.238623461793241631e+01 -4.534120504098585513e+01
5.394039745621241888e-01 7.829794465294808958e+01 1.860856996781464190e+01 6.621479186168552467e+00 -1.023003688049763696e+04 -5.730403230180376340e+03 -1.848317903662541767e+03 1.517530867164705910e+02 1.182902448440111766e+04 9.238892738133290550e+01 -4.534120504098585513e+01
5.578734310007554820e-01 7.831096657624131296e+01 1.884065741909262215e+01 6.618664102051428522e+00 -1.002277094385513374e+04 -5.631456553076648561e+03 -1.819040430066767840e+03 1.498413091455368544e+02 1.162368952897190866e+04 9.239358526467032107e+01 -4.534120504098585513e+01
5.516122998479854322e-01 7.830756676656390880e+01 1.863779723540278255e+01 6.936067797729258189e+00 -1.004688899687318917e+04 -5.643458697239738285e+03 -1.822035602507700105e+03 1.498758551351150743e+02 1.164776685535986326e+04 9.245713861737294792e+01 -4.534120504098585513e+01
5.516309763660439680e-01 7.832330339736206781e+01 1.878517028719787874e+01 6.398216057236737697e+00 -1.016556065383582063e+04 -5.699249691009534217e+03 -1.839572649531030947e+03 1.513029158532393126e+02 1.176501029397981438e+04 9.245796831849747832e+01 -4.534120504098585513e+01
5.412490628835968653e-01 7.829771951892298887e+01 1.857874734650815185e+01 6.952546198178658265e+00 -1.018525989167727676e+04 -5.709320460373586684e+03 -1.841770989250875346e+03 1.512319876850708340e+02 1.178476908960947003e+04 9.246754174486716238e+01 -4.534120504098585513e+01
5.634017707193473834e-01 7.829215425562385633e+01 1.877938354197766202e+01 6.844184671502745232e+00 -1.010754474339140324e+04 -5.671322976980140083e+03 -1.831655863175865534e+03 1.508589650136095202e+02 1.170745043764468210e+04 9.247092181480157080e+01 -4.534120504098585513e+01
5.588013681090536755e-01 7.832101858982939291e+01 1.891168691693133397e+01 6.786974584914626796e+00 -1.002719310730835605e+04 -5.633890571657063447e+03 -1.819372920142048088e+03 1.497528379974091024e+02 1.162820159912697636e+04 9.247315188145849163e+01 -4.534120504098585513e+01
5.567790034742136074e-01 7.833867810277783406e+01 1.870574799246357856e+01 6.686771958203493682e+00 -9.961256149853350507e+03 -5.603185013391921530e+03 -1.809347478820457127e+03 1.488470506134182472e+02 1.156316698375360647e+04 9.247912547414729545e+01 -4.534120504098585513e+01
5.587597245622224484e-01 7.838210791750488227e+01 1.872154788599899433e+01 6.699589987204817021e+00 -9.986322644922365726e+03 -5.614539675587792772e+03 -1.813475169857572837e+03 1.493191650089835889e+02 1.158776305659868740e+04 9.252440695905367818e+01 -4.534120504098585513e+01
5.616254410963568144e-01 7.834855825500126514e+01 1.878613381758761847e+01 6.822178586658107946e+00 -1.002879030503039576e+04 -5.634029777054454826e+03 -1.820174430501886491e+03 1.500138384479024865e+02 1.162953810132217768e+04 9.253154011176816596e+01 -4.534120504098585513e+01
5.545755655293933550e-01 7.831499790814896755e+01 1.878328015644490989e+01 6.288666511944379423e+00 -1.021185922024787214e+04 -5.721072084462671228e+03 -1.846369025459371414e+03 1.518357745986807004e+02 1.181077827035236442e+04 9.254700940422935673e+01 -4.534120504098585513e+01
5.650235369092744264e-01 7.832279145532717735e+01 1.890986936610960711e+01 6.692404114571981921e+00 -1.001029803606428868e+04 -5.625638820993846821e+03 -1.817194981270856943e+03 1.496705099823873297e+02 1.161139458023951920e+04 9.257782644012962692e+01 -4.534120504098585513e+01
5.425291998647707725e-01 7.828805333281809453e+01 1.870159979787387527e+01 6.613029414941792083e+00 -1.020960545801946137e+04 -5.720872422718302005e+03 -1.845244102443271004e+03 1.514785836872788423e+02 1.180887004635111225e+04 9.258412938508014633e+01 -4.534120504098585513e+01
5.402672621761621663e-01 7.830184615605718079e+01 1.873353182560020613e+01 7.326558801119044340e+00 -1.027635312013421571e+04 -5.751589805750363666e+03 -1.855722271834531512e+03 1.525393835754766769e+02 1.187456057512832194e+04 9.258592325818668201e+01 -4.534120504098585513e+01
5.569789711240084040e-01 7.827505867582276267e+01 1.880408114357656402e+01 6.576084648883844253e+00 -1.021124688667623195e+04 -5.720565300555031172e+03 -1.846478939926779276e+03 1.519129539021958806e+02 1.181009187965654564e+04 9.258844438522525877e+01 -4.534120504098585513e+01
5.447745065773876849e-01 7.829471105916924500e+01 1.857950083711639166e+01 6.951159791302459645e+00 -1.018536825558149758e+04 -5.709028855606919933e+03 -1.842118818022450114e+03 1.513666084942582302e+02 1.178474698504863227e+04 9.262934716598093132e+01 -4.534120504098585513e+01
5.610509733286810352e-01 7.829997217281828625e+01 1.879292628231866047e+01 6.838891058382538191e+00 -1.001786236818638645e+04 -5.629107986311966670e+03 -1.818383979064441746e+03 1.497960541761351863e+02 1.161883074100933300e+04 9.266333716351780936e+01 -4.534120504098585513e+01
5.398114741436346176e-01 7.831551378545182729e+01 1.860719423707004694e+01 6.918077201516029007e+00 -1.011835866290805825e+04 -5.677989985169812826e+03 -1.831755024982483974e+03 1.503775059612223401e+02 1.171872289104535048e+04 9.267228374084066900e+01 -4.534120504098585513e+01
5.555785977704216227e-01 7.825899852111828636e+01 1.874569064105507721e+01 6.805469912267517962e+00 -1.030434730843696161e+04 -5.764094201663187050e+03 -1.860521840751554009e+03 1.531306484421155290e+02 1.190197453897145351e+04 9.267472760917195274e+01 -4.534120504098585513e+01
5.457032266079846483e-01 7.827220036395341651e+01 1.867506964274124215e+01 7.067426199584336821e+00 -1.031477367539840270e+04 -5.769504569889902086e+03 -1.861555523697742046e+03 1.530577708957825394e+02 1.191246607556952586e+04 9.267730019482128512e+01 -4.534120504098585513e+01
5.647378849743154294e-01 7.831086630180709562e+01 1.886110212604793190e+01 6.442949754005453222e+00 -1.008761150537702451e+04 -5.661471765304335349e+03 -1.829104393604538018e+03 1.508020267031263018e+02 1.168757851132122960e+04 9.268070896219845167e+01 -4.534120504098585513e+01
5.504233587745813727e-01 7.826987567916263799e+01 1.870478389038203204e+01 7.097422939903926142e+00 -1.015299862312548976e+04 -5.693524950437175903e+03 -1.837614491122398931e+03 1.510857333978505892e+02 1.175266520090245467e+04 9.271328451894983402e+01 -4.534120504098585513e+01
5.463734222114061678e-01 7.831867206834689910e+01 1.866156081690869684e+01 7.365741174117994561e+00 -1.007450564680207935e+04 -5.656734851243605590e+03 -1.825837803737220383e+03 1.500963935370211289e+02 1.167515685134262822e+04 9.272083566812061406e+01 -4.534120504098585513e+01
5.706366446681863103e-01 7.836436618805680610e+01 1.878437394802985594e+01 6.282835116213994375e+00 -9.867723006502883436e+03 -5.558343019310325872e+03 -1.796350668534042825e+03 1.480597971697708886e+02 1.147043186271546074e+04 9.272975521113917807e+01 -4.534120504098585513e+01
5.604320070083937955e-01 7.834823715849213954e+01 1.876874896182024699e+01 6.746180281755927766e+00 -1.012203048622274582e+04 -5.678284908548673229e+03 -1.833594560598062117e+03 1.509714440159442290e+02 1.172181990951083753e+04 9.274716747864739830e+01 -4.534120504098585513e+01
5.526289665000685414e-01 7.831306502228139266e+01 1.871879780825249995e+01 6.705069238215441985e+00 -1.018478942049914986e+04 -5.707955453808558559e+03 -1.842691945647137800e+03 1.516631210212214853e+02 1.178387971668283535e+04 9.275623291947836435e+01 -4.534120504098585513e+01
5.431412879169857932e-01 7.827447966446992211e+01 1.875007596890141670e+01 6.786037517512781392e+00 -1.024080921940604094e+04 -5.735256877292039462e+03 -1.850115084927351745e+03 1.519643309484417557e+02 1.183959044794052352e+04 9.278299190451677703e+01 -4.534120504098585513e+01
5.521154899108500214e-01 7.827992292253463802e+01 1.865888323100903534e+01 6.678674694647567911e+00 -1.023415445903424188e+04 -5.731433085249701435e+03 -1.849770601051480526e+03 1.521538914496586585e+02 1.183275208701397605e+04 9.278375420666253603e+01 -4.534120504098585513e+01
5.520294850694987820e-01 7.834534794679095171e+01 1.877535044944827902e+01 6.800328076779766029e+00 -1.010183606680249977e+04 -5.669444840461645981e+03 -1.829969005460601011e+03 1.504734949881969328e+02 1.170211598508250609e+04 9.279622528771544410e+01 -4.534120504098585513e+01
5.533244050403329783e-01 7.834133495647260759e+01 1.878331890664138726e+01 6.822383858046288552e+00 -9.948564702578982178e+03 -5.597011367481226443e+03 -1.807664849754796705e+03 1.487759634755152263e+02 1.155054635488893473e+04 9.283475995099799150e+01 -4.534120504098585513e+01
5.596876862998615421e-01 7.836046823201350264e+01 1.871178045075151886e+01 6.573931647717611071e+00 -9.957217221309643719e+03 -5.600676886081733755e+03 -1.809274304250478053e+03 1.490346320116687480e+02 1.155894087664362451e+04 9.283522586464515314e+01 -4.534120504098585513e+01
5.459810815182859489e-01 7.831650029479166619e+01 1.868829427695112244e+01 6.685328862914049708e+00 -1.020207496301113133e+04 -5.716798072355193653e+03 -1.844661772409410787e+03 1.515981707059164592e+02 1.180122614597873326e+04 9.283901773902708499e+01 -4.534120504098585513e+01
5.528060829978694857e-01 7.833121464251806287e+01 1.876963289235567700e+01 6.703163652810911977e+00 -1.004969395732799239e+04 -5.644561639336967346e+03 -1.822667749618186690e+03 1.499937583517569806e+02 1.165045763686652572e+04 9.286727488493269789e+01 -4.534120504098585513e+01
5.585690351952015131e-01 7.832302648034684012e+01 1.882268425435801618e+01 6.394635194615458040e+00 -1.002127597507090104e+04 -5.631352169170861089e+03 -1.818276880131954840e+03 1.495874107864264886e+02 1.162244662822165810e+04 9.286923547372153109e+01 -4.534120504098585513e+01
5.294568442624077997e-01 7.826429715050464608e+01 1.867745575721574269e+01 7.366281763175599906e+00 -1.041854830187881271e+04 -5.819415363061350035e+03 -1.875891811183973687e+03 1.538756096298532725e+02 1.201540747320749142e+04 9.287113196467930720e+01 -4.534120504098585513e+01
5.366077120583446769e-01 7.835363874958552799e+01 1.867289458708738437e+01 7.162653145064899363e+00 -1.024088887651768164e+04 -5.735890678352708164e+03 -1.849535864659382696e+03 1.517298188251489535e+02 1.183989748453336688e+04 9.289441968592856824e+01 -4.534120504098585513e+01
5.519194425609751375e-01 7.832878615043860293e+01 1.872215858928396059e+01 7.352331088607085618e+00 -1.001038753345739497e+04 -5.626161181242568091e+03 -1.816739911360814176e+03 1.494896900905817176e+02 1.161165214135574934e+04 9.290586372283277683e+01 -4.534120504098585513e+01
5.506943339078876898e-01 7.826431266343092830e+01 1.875437468083243786e+01 6.664380248877873392e+00 -1.016603443914889249e+04 -5.699573691518470696e+03 -1.839616348166021453e+03 1.512724697020922235e+02 1.176551594237136669e+04 9.291300301546264961e+01 -4.534120504098585513e+01
5.666083358093625399e-01 7.831313742844780279e+01 1.886253191444642852e+01 6.521003942968152778e+00 -1.009142862930273259e+04 -5.663527465403331007e+03 -1.829395671780042221e+03 1.507429984110420094e+02 1.169145205854011147e+04 9.291970326852467110e+01 -4.534120504098585513e+01
5.568114988244371455e-01 7.833009993704723684e+01 1.879883044295400651e+01 6.641982049816283151e+00 -1.013588316190783371e+04 -5.685172289876185459e+03 -1.835307464889564017e+03 1.509934684620977805e+02 1.173564549654782968e+04 9.293820984797761753e+01 -4.534120504098585513e+01
5.617533252926928400e-01 7.828803236824064982e+01 1.879575006519601743e+01 6.519605490017466032e+00 -1.019313499039876842e+04 -5.711436758763069520e+03 -1.844380396219760996e+03 1.519348995219544918e+02 1.179196197026686059e+04 9.294643806378343243e+01 -4.534120504098585513e+01
5.456124455993416333e-01 7.828647676157331148e+01 1.873089187707443415e+01 6.873205771647728390e+00 -1.024275218359489554e+04 -5.736048629448135216e+03 -1.850493284766059560e+03 1.520321783631591188e+02 1.184146763756761175e+04 9.296299938466989943e+01 -4.534120504098585513e+01
5.650228279037550205e-01 7.836825994107933013e+01 1.874421144955159235e+01 6.436326612693803462e+00 -9.861084652461422593e+03 -5.555712080500814409e+03 -1.794860393864714979e+03 1.477877561807231075e+02 1.146405863921324635e+04 9.297907061681814866e+01 -4.534120504098585513e+01
5.421123788250882258e-01 7.831896890094891717e+01 1.874843499785151124e+01 7.212949420237069198e+00 -1.011567573436822931e+04 -5.676541643640864095e+03 -1.831502105473077108e+03 1.504144970615117245e+02 1.171600523953457196e+04 9.304804375534966709e+01 -4.534120504098585513e+01
5.541797189120150069e-01 7.828388660355180662e+01 1.876701122983620351e+01 6.672104022751773833e+00 -1.028115029672670062e+04 -5.753533374076409018e+03 -1.856733924595092049e+03 1.527135909498304045e+02 1.187919203578248562e+04 9.306813044963620030e+01 -4.534120504098585513e+01
5.351176354621096642e-01 7.825824039008345778e+01 1.869262110424602952e+01 7.226705011182496641e+00 -1.035432202298375887e+04 -5.789065520266733984e+03 -1.866521122220757434e+03 1.531613243428162718e+02 1.195189870072430131e+04 9.308515884171846722e+01 -4.534120504098585513e+01
5.538028213237994324e-01 7.834945936727179117e+01 1.874099794743196057e+01 7.045339806114172987e+00 -1.010138150561025759e+04 -5.668825170839649218e+03 -1.830274304100089921e+03 1.506236370333263608e+02 1.170151336635831285e+04 9.309773881601205403e+01 -4.534120504098585513e+01
5.551152483348982258e-01 7.829830832696816856e+01 1.871532080891354610e+01 6.812516175809443908e+00 -1.017675919727258770e+04 -5.704474446500330487e+03 -1.841318127775612083e+03 1.514539153954113999e+02 1.177606269790761507e+04 9.310817020402861033e+01 -4.534120504098585513e+01
5.554033429823255208e-01 7.833442956433941617e+01 1.878255813229996818e+01 6.588776403148844274e+00 -1.010765176781641821e+04 -5.671746388079759527e+03 -1.831222738842870285e+03 1.507077808517086908e+02 1.170770126794736279e+04 9.316492828299642781e+01 -4.534120504098585513e+01
5.692310163405986945e-01 7.839482629382962386e+01 1.879064293152937637e+01 6.379884856254837366e+00 -9.899740661281466600e+03 -5.573349300077824410e+03 -1.801054367130091805e+03 1.484580197368662198e+02 1.150205032572189884e+04 9.320553221587954340e+01 -4.534120504098585513e+01
5.539618957095592267e-01 7.827354007441289241e+01 1.880216093365302754e+01 6.798955897965337947e+00 -1.007949570205881901e+04 -5.658472623487329656e+03 -1.827150125832115918e+03 1.503920302706388270e+02 1.167986028108148639e+04 9.322549930898320270e+01 -4.534120504098585513e+01
5.463804451821893116e-01 7.830759810958794276e+01 1.870465857370057705e+01 7.038397723732806810e+00 -1.023388667113403426e+04 -5.731408086247845858e+03 -1.849660133029716917e+03 1.521113217645128088e+02 1.183252615326455452e+04 9.323534647615802839e+01 -4.534120504098585513e+01
5.502048140246265095e-01 7.831695779429460913e+01 1.872192637402020310e+01 6.582886470517643751e+00 -1.019345748656163960e+04 -5.712793698220144506e+03 -1.843325568972602241e+03 1.514731147120428716e+02 1.179273353422701075e+04 9.324363480976505514e+01 -4.534120504098585513e+01
5.627153694839778231e-01 7.831843190969804880e+01 1.884777645514301270e+01 6.610681343435464541e+00 -9.938381695945212414e+03 -5.591801481352489645e+03 -1.806542653787460949e+03 1.488163381900863271e+02 1.154032823652614934e+04 9.331184063363005521e+01 -4.534120504098585513e+01
5.672436842386586742e-01 7.837552945944315752e+01 1.885135599408330265e+01 6.625834158012024133e+00 -9.920837913255996682e+03 -5.583099571122120324e+03 -1.804338659174013628e+03 1.487770950180487546e+02 1.152282905265048066e+04 9.338804815796255809e+01 -4.534120504098585513e+01
5.506287753730144674e-01 7.828764635650742321e+01 1.879178997864394418e+01 6.945757275742342252e+00 -1.006994213488766945e+04 -5.654230627242821356e+03 -1.825526625258986087e+03 1.501822150210464599e+02 1.167051363277083328e+04 9.341671084767939703e+01 -4.534120504098585513e+01
5.426045017108571678e-01 7.831709665448843793e+01 1.874213833986365785e+01 7.249560802837786255e+00 -1.016489237115846299e+04 -5.699463269971992304e+03 -1.838986053247121845e+03 1.510890644891147474e+02 1.176455180336788362e+04 9.342318321486595778e+01 -4.534120504098585513e+01
5.599126042027903205e-01 7.829053795632201229e+01 1.879655296639692708e+01 6.350292947776766006e+00 -1.010208026123633317e+04 -5.669249559683580628e+03 -1.830374648724329973e+03 1.506002721473830093e+02 1.170223988605175873e+04 9.344285141695357311e+01 -4.534120504098585513e+01
5.470514862564950231e-01 7.832926490892855043e+01 1.874750238941226499e+01 6.776714479904637045e+00 -1.009896243619343295e+04 -5.668313682922629596e+03 -1.829327652440636257e+03 1.503539450248260891e+02 1.169935633608034914e+04 9.365038317201243956e+01 -4.534120504098585513e+01
5.533522623222275616e-01 7.828196792652532565e+01 1.882220041450979053e+01 6.772254839034471452e+00 -1.018988569185984124e+04 -5.710464595487006591e+03 -1.843408806390024210e+03 1.516826258342519793e+02 1.178895886117348164e+04 9.366723834875007526e+01 -4.534120504098585513e+01
5.487531410865428283e-01 7.829510898247342254e+01 1.876733874955930759e+01 6.733832337687416292e+00 -1.012488075309646410e+04 -5.680428031257534712e+03 -1.833257388417312086e+03 1.506947639408930684e+02 1.172493575525490996e+04 9.370514862879235807e+01 -4.534120504098585513e+01
5.576333183543077388e-01 7.835703544776802687e+01 1.881949640640638322e+01 6.913598648159741344e+00 -9.920043764745938461e+03 -5.583412180318489845e+03 -1.803597836807621661e+03 1.485060265310304146e+02 1.152229697402239617e+04 9.373106129335921821e+01 -4.534120504098585513e+01
5.457207662961197636e-01 7.830488472021653479e+01 1.879596356675515878e+01 7.227861534423130507e+00 -1.014542240353949455e+04 -5.689964265163026539e+03 -1.836414517626348925e+03 1.509898303684829273e+02 1.174518331028327520e+04 9.379185841415336711e+01 -4.534120504098585513e+01
5.623880864404260382e-01 7.836402831626843124e+01 1.873778357014303708e+01 6.809382757222851801e+00 -9.916141216543155679e+03 -5.581314472666143956e+03 -1.803278704639810940e+03 1.485623180724800250e+02 1.151834042118794787e+04 9.381214536221263245e+01 -4.534120504098585513e+01
5.389612936399559295e-01 7.828526411615600011e+01 1.865632670054994335e+01 7.058879879097046839e+00 -1.022996784311939336e+04 -5.730498093093615353e+03 -1.848258976816810218e+03 1.517078911817363007e+02 1.182900126322446886e+04 9.381480022158773124e+01 -4.534120504098585513e+01
5.560353783716031062e-01 7.833959183391228009e+01 1.882989222621273484e+01 6.608736182468635256e+00 -1.008267014689012103e+04 -5.659858187945625104e+03 -1.827706250660690330e+03 1.504673016705117732e+02 1.168296306811932482e+04 9.387632429352989050e+01 -4.534120504098585513e+01
5.577446922929564233e-01 7.830651644786550492e+01 1.870199686765437619e+01 6.605146769145051167e+00 -1.017801987589244163e+04 -5.704514325264134641e+03 -1.841972931748586689e+03 1.516828986363607044e+02 1.177709614297661756e+04 9.389042893908565190e+01 -4.534120504098585513e+01
5.464648443817494705e-01 7.826344350308953324e+01 1.869249070960043113e+01 7.043851732995471515e+00 -1.026129045351810237e+04 -5.744684554036179179e+03 -1.853380710482701716e+03 1.522924477613156569e+02 1.185974621292483789e+04 9.389596460889457319e+01 -4.534120504098585513e+01
5.540626000127495399e-01 7.834716050401631549e+01 1.874974212852749744e+01 6.871895264948530979e+00 -1.012156169266376310e+04 -5.678495000783127580e+03 -1.833076692089266089e+03 1.507938547814408707e+02 1.172152319646177602e+04 9.391669461777541983e+01 -4.534120504098585513e+01
5.439851558316655122e-01 7.835213425467964043e+01 1.876322792381289872e+01 7.097089680797228795e+00 -1.013787621925539315e+04 -5.686776798341259564e+03 -1.834977359110278258e+03 1.507594514487954882e+02 1.173786413952370640e+04 9.395987286517785719e+01 -4.534120504098585513e+01
5.560770831233129430e-01 7.832092367659315357e+01 1.871790038160868619e+01 6.654471512416212597e+00 -1.005800642685149978e+04 -5.648716653665856938e+03 -1.823666134754292216e+03 1.499986165481338389e+02 1.165876264339534646e+04 9.400176408849631571e+01 -4.534120504098585513e+01
5.493485372804718381e-01 7.831198483176581249e+01 1.869259060265270733e+01 6.964805608637767875e+00 -1.016966542074133031e+04 -5.701250331401134645e+03 -1.840096812151426775e+03 1.513247226124172187e+02 1.176909021518011468e+04 9.405460050355691237e+01 -4.534120504098585513e+01
5.457166635249717235e-01 7.828987958765975463e+01 1.873099851620532164e+01 6.873145506964755569e+00 -1.024275095334634898e+04 -5.736051182015612540e+03 -1.850496343751832910e+03 1.520310106569375250e+02 1.184146722460071760e+04 9.415482579438213406e+01 -4.534120504098585513e+01
5.645659584055059410e-01 7.833135809141558070e+01 1.878105956816670385e+01 6.501825638180658729e+00 -9.960597544328977165e+03 -5.602247285134495542e+03 -1.809822037070674924e+03 1.490809335681599066e+02 1.156228003475278274e+04 9.416018656005819309e+01 -4.534120504098585513e+01
5.452536196233757071e-01 7.828531102746786985e+01 1.873520936702739093e+01 7.063775435149162618e+00 -1.029919337141012147e+04 -5.762257788426210936e+03 -1.859221858654060497e+03 1.528436880441563517e+02 1.189709997784456209e+04 9.418738545527263284e+01 -4.534120504098585513e+01
5.642887118630045551e-01 7.832177468272787735e+01 1.885710690375862697e+01 6.436431497123908940e+00 -1.001602980703957837e+04 -5.628000288223359348e+03 -1.818341520481483485e+03 1.498700361920671185e+02 1.161692678093788163e+04 9.420304017678914477e+01 -4.534120504098585513e+01
5.611529837987926372e-01 7.833863596026111509e+01 1.880727560012341826e+01 6.716689449348856478e+00 -1.004488712542614121e+04 -5.641686552408472380e+03 -1.822449955130490707e+03 1.501684701107197668e+02 1.164548166860020319e+04 9.425373994488117546e+01 -4.534120504098585513e+01
5.536180565265630404e-01 7.832157615665157380e+01 1.875581672693347102e+01 6.634487811189309525e+00 -1.012920787419421686e+04 -5.682086554020059339e+03 -1.834241826226687863e+03 1.508901043702471441e+02 1.172907192433836826e+04 9.426895022040464767e+01 -4.534120504098585513e+01
5.390265007055239366e-01 7.827929390667252108e+01 1.864190940889451653e+01 7.044730684424539646e+00 -1.024165916085107347e+04 -5.735888219700845184e+03 -1.850033923048154520e+03 1.518848094076247435e+02 1.184051619078157819e+04 9.437032119656119278e+01 -4.534120504098585513e+01
5.652746495098215362e-01 7.833929530792941875e+01 1.884259529784442222e+01 6.504795467098914763e+00 -9.944071338096517138e+03 -5.594236790857208689e+03 -1.807601475984233048e+03 1.489757525275314833e+02 1.154586196525997366e+04 9.453601843719890496e+01 -4.534120504098585513e+01
5.569133796266987346e-01 7.834144530734793932e+01 1.873386897575590382e+01 6.488074126500968930e+00 -1.002278559379105900e+04 -5.631837106652765215e+03 -1.818688498777548375e+03 1.496954324718531950e+02 1.162384659756840119e+04 9.454497900238820307e+01 -4.534120504098585513e+01
5.518950354893101817e-01 7.828662866549535693e+01 1.865983204561304021e+01 6.717193974727861949e+00 -1.018506581004571308e+04 -5.708534404874517350e+03 -1.842361290337510354e+03 1.514931847232593327e+02 1.178432451414581192e+04 9.464100662375749096e+01 -4.534120504098585513e+01
5.592105580349694405e-01 7.834182720650959197e+01 1.874933273663780753e+01 6.582343246667495151e+00 -1.000953239566604134e+04 -5.625391329383968696e+03 -1.816928814237376173e+03 1.496194648938658815e+02 1.161067192203161721e+04 9.481272503704218479e+01 -4.534120504098585513e+01
5.458559966700062827e-01 7.834044023079347596e+01 1.869840230803228920e+01 6.865275495480381629e+00 -1.010678002115726122e+04 -5.672190978007830381e+03 -1.830314632498821993e+03 1.503702196167250236e+02 1.170715640897559388e+04 9.503269522082632648e+01 -4.534120504098585513e+01
5.463807767268756832e-01 7.830804093649167896e+01 1.877189439252631331e+01 6.980362549508260628e+00 -1.017475589438041607e+04 -5.703899181593888898e+03 -1.840628931269397754e+03 1.512859431126737206e+02 1.177421941251637509e+04 9.511946244190332322e+01 -4.534120504098585513e+01
5.457348466975621148e-01 7.832625540062619507e+01 1.868710670500242443e+01 6.934013554606281993e+00 -1.018191871234584323e+04 -5.707366162186979636e+03 -1.841597832931169023e+03 1.513340353338008697e+02 1.178133277441704013e+04 9.538492342819954217e+01 -4.534120504098585513e+01
