 F
      299436     2183757           3        5000
    0.108727481852136108E+03    0.162402769230922871E+03
 T
   2
    0.200000000000000000E+01    0.300000000000000000E+01    0.154400000000000009E+00    0.845600000000000018E+00
   0
   0
 T T     0           0
    0.000000000000000000E+00   -0.100000000000000002+101    0.000000000000000000E+00
 T F     1         772
    0.106034800368289679E-26   -0.593677540206129834E+03   -0.537227064972869471E+03
 T F     1        4228
    0.288733421234884164E-25    0.108727481852136108E+03    0.162402769230922871E+03
