 F
      316070     2321473           3        5000
    0.343267235225715766E+02    0.911432934063786462E+02
 T
   2
    0.200000000000000000E+01    0.300000000000000000E+01    0.842999999999999972E+00    0.157000000000000001E+00
   0
   0
 T T     0           0
    0.000000000000000000E+00   -0.100000000000000002+101    0.000000000000000000E+00
 T F     1        4215
    0.102958377934141854E-26    0.343267235225715766E+02    0.911432934063786462E+02
 T F     1         785
    0.405960214426238200E-28   -0.133411907733043677E+04   -0.127462934998235323E+04
