 F
        3693       57021           3          60
    0.356617016914593279E+02    0.908345432206474470E+02
 T
   2
    0.200000000000000000E+01    0.300000000000000000E+01    0.516666666666666718E+00    0.483333333333333337E+00
   0
   0
 T T     0           0
    0.000000000000000000E+00   -0.100000000000000002+101    0.000000000000000000E+00
 T F     1          31
    0.273403842114252125E-25    0.356617016914593279E+02    0.908345432206474470E+02
 T F     1          29
    0.212416726145279541E-27   -0.133392243438123796E+04   -0.127529674931766544E+04
