 F
        4368       68308           3          70
    0.350972679302748745E+02    0.907939034160868914E+02
 T
   2
    0.200000000000000000E+01    0.300000000000000000E+01    0.400000000000000022E+00    0.599999999999999978E+00
   0
   0
 T T     0           0
    0.000000000000000000E+00   -0.100000000000000002+101    0.000000000000000000E+00
 T F     1          28
    0.252823250352757612E-27   -0.133401102238463864E+04   -0.127570242757747224E+04
 T F     1          42
    0.308218436102083989E-26    0.350972679302748745E+02    0.907939034160868914E+02
